 IPER  ISTEP           DLEN           ILYR    IROW   ICOL            XCORD               YCORD                      FlowX                    FlowY                   FlowZ
 1          1          0.38313807       1          1          1          0.50000000       -0.50000000      -3.17112864e-04  0.00000000e+00   0.00000000e+00  
 1          1          0.38313807       1          1          2          1.50000000       -0.50000000      3.17112864e-04   0.00000000e+00   0.00000000e+00  
 1          1          0.38313807       1          1          3          2.50000000       -0.50000000      0.00000000e+00   0.00000000e+00   0.00000000e+00  
 1          2          0.40229497       1          1          1          0.50000000       -0.50000000      -2.00654983e-04  0.00000000e+00   0.00000000e+00  
 1          2          0.40229497       1          1          2          1.50000000       -0.50000000      2.00654983e-04   0.00000000e+00   0.00000000e+00  
 1          2          0.40229497       1          1          3          2.50000000       -0.50000000      0.00000000e+00   0.00000000e+00   0.00000000e+00  
 1          3          0.42240972       1          1          1          0.50000000       -0.50000000      -2.08886368e-04  0.00000000e+00   0.00000000e+00  
 1          3          0.42240972       1          1          2          1.50000000       -0.50000000      2.08886368e-04   0.00000000e+00   0.00000000e+00  
 1          3          0.42240972       1          1          3          2.50000000       -0.50000000      0.00000000e+00   0.00000000e+00   0.00000000e+00  
 1          4          0.44353021       1          1          1          0.50000000       -0.50000000      -2.16898471e-04  0.00000000e+00   0.00000000e+00  
 1          4          0.44353021       1          1          2          1.50000000       -0.50000000      2.16898471e-04   0.00000000e+00   0.00000000e+00  
 1          4          0.44353021       1          1          3          2.50000000       -0.50000000      0.00000000e+00   0.00000000e+00   0.00000000e+00  
 1          5          0.46570672       1          1          1          0.50000000       -0.50000000      -2.24787479e-04  0.00000000e+00   0.00000000e+00  
 1          5          0.46570672       1          1          2          1.50000000       -0.50000000      2.24787479e-04   0.00000000e+00   0.00000000e+00  
 1          5          0.46570672       1          1          3          2.50000000       -0.50000000      0.00000000e+00   0.00000000e+00   0.00000000e+00  
 1          6          0.48899205       1          1          1          0.50000000       -0.50000000      -2.32585997e-04  0.00000000e+00   0.00000000e+00  
 1          6          0.48899205       1          1          2          1.50000000       -0.50000000      2.32585997e-04   0.00000000e+00   0.00000000e+00  
 1          6          0.48899205       1          1          3          2.50000000       -0.50000000      0.00000000e+00   0.00000000e+00   0.00000000e+00  
 1          7          0.51344166       1          1          1          0.50000000       -0.50000000      -2.40300463e-04  0.00000000e+00   0.00000000e+00  
 1          7          0.51344166       1          1          2          1.50000000       -0.50000000      2.40300463e-04   0.00000000e+00   0.00000000e+00  
 1          7          0.51344166       1          1          3          2.50000000       -0.50000000      0.00000000e+00   0.00000000e+00   0.00000000e+00  
 1          8          0.53911374       1          1          1          0.50000000       -0.50000000      -2.47923758e-04  0.00000000e+00   0.00000000e+00  
 1          8          0.53911374       1          1          2          1.50000000       -0.50000000      2.47923758e-04   0.00000000e+00   0.00000000e+00  
 1          8          0.53911374       1          1          3          2.50000000       -0.50000000      0.00000000e+00   0.00000000e+00   0.00000000e+00  
 1          9          0.56606943       1          1          1          0.50000000       -0.50000000      -2.55440498e-04  0.00000000e+00   0.00000000e+00  
 1          9          0.56606943       1          1          2          1.50000000       -0.50000000      2.55440498e-04   0.00000000e+00   0.00000000e+00  
 1          9          0.56606943       1          1          3          2.50000000       -0.50000000      0.00000000e+00   0.00000000e+00   0.00000000e+00  
 1          10         0.59437290       1          1          1          0.50000000       -0.50000000      -2.62829643e-04  0.00000000e+00   0.00000000e+00  
 1          10         0.59437290       1          1          2          1.50000000       -0.50000000      2.62829643e-04   0.00000000e+00   0.00000000e+00  
 1          10         0.59437290       1          1          3          2.50000000       -0.50000000      0.00000000e+00   0.00000000e+00   0.00000000e+00  
 1          11         0.62409154       1          1          1          0.50000000       -0.50000000      -2.70065935e-04  0.00000000e+00   0.00000000e+00  
 1          11         0.62409154       1          1          2          1.50000000       -0.50000000      2.70065935e-04   0.00000000e+00   0.00000000e+00  
 1          11         0.62409154       1          1          3          2.50000000       -0.50000000      0.00000000e+00   0.00000000e+00   0.00000000e+00  
 1          12         0.65529612       1          1          1          0.50000000       -0.50000000      -2.77120788e-04  0.00000000e+00   0.00000000e+00  
 1          12         0.65529612       1          1          2          1.50000000       -0.50000000      2.77120788e-04   0.00000000e+00   0.00000000e+00  
 1          12         0.65529612       1          1          3          2.50000000       -0.50000000      0.00000000e+00   0.00000000e+00   0.00000000e+00  
 1          13         0.68806093       1          1          1          0.50000000       -0.50000000      -2.83962914e-04  0.00000000e+00   0.00000000e+00  
 1          13         0.68806093       1          1          2          1.50000000       -0.50000000      2.83962914e-04   0.00000000e+00   0.00000000e+00  
 1          13         0.68806093       1          1          3          2.50000000       -0.50000000      0.00000000e+00   0.00000000e+00   0.00000000e+00  
 1          14         0.72246397       1          1          1          0.50000000       -0.50000000      -2.90558815e-04  0.00000000e+00   0.00000000e+00  
 1          14         0.72246397       1          1          2          1.50000000       -0.50000000      2.90558815e-04   0.00000000e+00   0.00000000e+00  
 1          14         0.72246397       1          1          3          2.50000000       -0.50000000      0.00000000e+00   0.00000000e+00   0.00000000e+00  
 1          15         0.75858717       1          1          1          0.50000000       -0.50000000      -2.96873213e-04  0.00000000e+00   0.00000000e+00  
 1          15         0.75858717       1          1          2          1.50000000       -0.50000000      2.96873213e-04   0.00000000e+00   0.00000000e+00  
 1          15         0.75858717       1          1          3          2.50000000       -0.50000000      0.00000000e+00   0.00000000e+00   0.00000000e+00  
 1          16         0.79651653       1          1          1          0.50000000       -0.50000000      -3.02869464e-04  0.00000000e+00   0.00000000e+00  
 1          16         0.79651653       1          1          2          1.50000000       -0.50000000      3.02869464e-04   0.00000000e+00   0.00000000e+00  
 1          16         0.79651653       1          1          3          2.50000000       -0.50000000      0.00000000e+00   0.00000000e+00   0.00000000e+00  
 1          17         0.83634236       1          1          1          0.50000000       -0.50000000      -3.08509985e-04  0.00000000e+00   0.00000000e+00  
 1          17         0.83634236       1          1          2          1.50000000       -0.50000000      3.08509985e-04   0.00000000e+00   0.00000000e+00  
 1          17         0.83634236       1          1          3          2.50000000       -0.50000000      0.00000000e+00   0.00000000e+00   0.00000000e+00  
 1          18         0.87815947       1          1          1          0.50000000       -0.50000000      -3.13756696e-04  0.00000000e+00   0.00000000e+00  
 1          18         0.87815947       1          1          2          1.50000000       -0.50000000      3.13756696e-04   0.00000000e+00   0.00000000e+00  
 1          18         0.87815947       1          1          3          2.50000000       -0.50000000      0.00000000e+00   0.00000000e+00   0.00000000e+00  
 1          19         0.92206745       1          1          1          0.50000000       -0.50000000      -3.18571506e-04  0.00000000e+00   0.00000000e+00  
 1          19         0.92206745       1          1          2          1.50000000       -0.50000000      3.18571506e-04   0.00000000e+00   0.00000000e+00  
 1          19         0.92206745       1          1          3          2.50000000       -0.50000000      0.00000000e+00   0.00000000e+00   0.00000000e+00  
 1          20         0.96817082       1          1          1          0.50000000       -0.50000000      -3.22916831e-04  0.00000000e+00   0.00000000e+00  
 1          20         0.96817082       1          1          2          1.50000000       -0.50000000      3.22916831e-04   0.00000000e+00   0.00000000e+00  
 1          20         0.96817082       1          1          3          2.50000000       -0.50000000      0.00000000e+00   0.00000000e+00   0.00000000e+00  
 1          21         1.01657936       1          1          1          0.50000000       -0.50000000      -3.27166734e-04  0.00000000e+00   0.00000000e+00  
 1          21         1.01657936       1          1          2          1.50000000       -0.50000000      3.27166734e-04   0.00000000e+00   0.00000000e+00  
 1          21         1.01657936       1          1          3          2.50000000       -0.50000000      0.00000000e+00   0.00000000e+00   0.00000000e+00  
 1          22         1.06740833       1          1          1          0.50000000       -0.50000000      -3.31340844e-04  0.00000000e+00   0.00000000e+00  
 1          22         1.06740833       1          1          2          1.50000000       -0.50000000      3.31340844e-04   0.00000000e+00   0.00000000e+00  
 1          22         1.06740833       1          1          3          2.50000000       -0.50000000      0.00000000e+00   0.00000000e+00   0.00000000e+00  
 1          23         1.12077875       1          1          1          0.50000000       -0.50000000      -3.35458731e-04  0.00000000e+00   0.00000000e+00  
 1          23         1.12077875       1          1          2          1.50000000       -0.50000000      3.35458731e-04   0.00000000e+00   0.00000000e+00  
 1          23         1.12077875       1          1          3          2.50000000       -0.50000000      0.00000000e+00   0.00000000e+00   0.00000000e+00  
 1          24         1.17681768       1          1          1          0.50000000       -0.50000000      -3.39542307e-04  0.00000000e+00   0.00000000e+00  
 1          24         1.17681768       1          1          2          1.50000000       -0.50000000      3.39542307e-04   0.00000000e+00   0.00000000e+00  
 1          24         1.17681768       1          1          3          2.50000000       -0.50000000      0.00000000e+00   0.00000000e+00   0.00000000e+00  
 1          25         1.23565857       1          1          1          0.50000000       -0.50000000      -3.43615385e-04  0.00000000e+00   0.00000000e+00  
 1          25         1.23565857       1          1          2          1.50000000       -0.50000000      3.43615385e-04   0.00000000e+00   0.00000000e+00  
 1          25         1.23565857       1          1          3          2.50000000       -0.50000000      0.00000000e+00   0.00000000e+00   0.00000000e+00  
 1          26         1.29744149       1          1          1          0.50000000       -0.50000000      -3.47703142e-04  0.00000000e+00   0.00000000e+00  
 1          26         1.29744149       1          1          2          1.50000000       -0.50000000      3.47703142e-04   0.00000000e+00   0.00000000e+00  
 1          26         1.29744149       1          1          3          2.50000000       -0.50000000      0.00000000e+00   0.00000000e+00   0.00000000e+00  
 1          27         1.36231357       1          1          1          0.50000000       -0.50000000      -3.51831492e-04  0.00000000e+00   0.00000000e+00  
 1          27         1.36231357       1          1          2          1.50000000       -0.50000000      3.51831492e-04   0.00000000e+00   0.00000000e+00  
 1          27         1.36231357       1          1          3          2.50000000       -0.50000000      0.00000000e+00   0.00000000e+00   0.00000000e+00  
 1          28         1.43042925       1          1          1          0.50000000       -0.50000000      -3.56026365e-04  0.00000000e+00   0.00000000e+00  
 1          28         1.43042925       1          1          2          1.50000000       -0.50000000      3.56026365e-04   0.00000000e+00   0.00000000e+00  
 1          28         1.43042925       1          1          3          2.50000000       -0.50000000      0.00000000e+00   0.00000000e+00   0.00000000e+00  
 1          29         1.50195071       1          1          1          0.50000000       -0.50000000      -3.60312904e-04  0.00000000e+00   0.00000000e+00  
 1          29         1.50195071       1          1          2          1.50000000       -0.50000000      3.60312904e-04   0.00000000e+00   0.00000000e+00  
 1          29         1.50195071       1          1          3          2.50000000       -0.50000000      0.00000000e+00   0.00000000e+00   0.00000000e+00  
 1          30         1.57704825       1          1          1          0.50000000       -0.50000000      -3.64714596e-04  0.00000000e+00   0.00000000e+00  
 1          30         1.57704825       1          1          2          1.50000000       -0.50000000      3.64714596e-04   0.00000000e+00   0.00000000e+00  
 1          30         1.57704825       1          1          3          2.50000000       -0.50000000      0.00000000e+00   0.00000000e+00   0.00000000e+00  
 1          31         1.65590066       1          1          1          0.50000000       -0.50000000      -3.69252352e-04  0.00000000e+00   0.00000000e+00  
 1          31         1.65590066       1          1          2          1.50000000       -0.50000000      3.69252352e-04   0.00000000e+00   0.00000000e+00  
 1          31         1.65590066       1          1          3          2.50000000       -0.50000000      0.00000000e+00   0.00000000e+00   0.00000000e+00  
 1          32         1.73869569       1          1          1          0.50000000       -0.50000000      -3.73943573e-04  0.00000000e+00   0.00000000e+00  
 1          32         1.73869569       1          1          2          1.50000000       -0.50000000      3.73943573e-04   0.00000000e+00   0.00000000e+00  
 1          32         1.73869569       1          1          3          2.50000000       -0.50000000      0.00000000e+00   0.00000000e+00   0.00000000e+00  
 1          33         1.82563048       1          1          1          0.50000000       -0.50000000      -3.78801219e-04  0.00000000e+00   0.00000000e+00  
 1          33         1.82563048       1          1          2          1.50000000       -0.50000000      3.78801219e-04   0.00000000e+00   0.00000000e+00  
 1          33         1.82563048       1          1          3          2.50000000       -0.50000000      0.00000000e+00   0.00000000e+00   0.00000000e+00  
 1          34         1.91691200       1          1          1          0.50000000       -0.50000000      -3.83832919e-04  0.00000000e+00   0.00000000e+00  
 1          34         1.91691200       1          1          2          1.50000000       -0.50000000      3.83832919e-04   0.00000000e+00   0.00000000e+00  
 1          34         1.91691200       1          1          3          2.50000000       -0.50000000      0.00000000e+00   0.00000000e+00   0.00000000e+00  
 1          35         2.01275760       1          1          1          0.50000000       -0.50000000      -3.89040167e-04  0.00000000e+00   0.00000000e+00  
 1          35         2.01275760       1          1          2          1.50000000       -0.50000000      3.89040167e-04   0.00000000e+00   0.00000000e+00  
 1          35         2.01275760       1          1          3          2.50000000       -0.50000000      0.00000000e+00   0.00000000e+00   0.00000000e+00  
 1          36         2.11339548       1          1          1          0.50000000       -0.50000000      -3.94417615e-04  0.00000000e+00   0.00000000e+00  
 1          36         2.11339548       1          1          2          1.50000000       -0.50000000      3.94417615e-04   0.00000000e+00   0.00000000e+00  
 1          36         2.11339548       1          1          3          2.50000000       -0.50000000      0.00000000e+00   0.00000000e+00   0.00000000e+00  
 1          37         2.21906525       1          1          1          0.50000000       -0.50000000      -3.99952528e-04  0.00000000e+00   0.00000000e+00  
 1          37         2.21906525       1          1          2          1.50000000       -0.50000000      3.99952528e-04   0.00000000e+00   0.00000000e+00  
 1          37         2.21906525       1          1          3          2.50000000       -0.50000000      0.00000000e+00   0.00000000e+00   0.00000000e+00  
 1          38         2.33001852       1          1          1          0.50000000       -0.50000000      -4.05624410e-04  0.00000000e+00   0.00000000e+00  
 1          38         2.33001852       1          1          2          1.50000000       -0.50000000      4.05624410e-04   0.00000000e+00   0.00000000e+00  
 1          38         2.33001852       1          1          3          2.50000000       -0.50000000      0.00000000e+00   0.00000000e+00   0.00000000e+00  
 1          39         2.44651944       1          1          1          0.50000000       -0.50000000      -4.11436179e-04  0.00000000e+00   0.00000000e+00  
 1          39         2.44651944       1          1          2          1.50000000       -0.50000000      4.11436179e-04   0.00000000e+00   0.00000000e+00  
 1          39         2.44651944       1          1          3          2.50000000       -0.50000000      0.00000000e+00   0.00000000e+00   0.00000000e+00  
 1          40         2.56884541       1          1          1          0.50000000       -0.50000000      -4.17434398e-04  0.00000000e+00   0.00000000e+00  
 1          40         2.56884541       1          1          2          1.50000000       -0.50000000      4.17434398e-04   0.00000000e+00   0.00000000e+00  
 1          40         2.56884541       1          1          3          2.50000000       -0.50000000      0.00000000e+00   0.00000000e+00   0.00000000e+00  
 1          41         2.69728768       1          1          1          0.50000000       -0.50000000      -4.23664879e-04  0.00000000e+00   0.00000000e+00  
 1          41         2.69728768       1          1          2          1.50000000       -0.50000000      4.23664879e-04   0.00000000e+00   0.00000000e+00  
 1          41         2.69728768       1          1          3          2.50000000       -0.50000000      0.00000000e+00   0.00000000e+00   0.00000000e+00  
 1          42         2.83215207       1          1          1          0.50000000       -0.50000000      -4.30171359e-04  0.00000000e+00   0.00000000e+00  
 1          42         2.83215207       1          1          2          1.50000000       -0.50000000      4.30171359e-04   0.00000000e+00   0.00000000e+00  
 1          42         2.83215207       1          1          3          2.50000000       -0.50000000      0.00000000e+00   0.00000000e+00   0.00000000e+00  
 1          43         2.97375967       1          1          1          0.50000000       -0.50000000      -4.36994087e-04  0.00000000e+00   0.00000000e+00  
 1          43         2.97375967       1          1          2          1.50000000       -0.50000000      4.36994087e-04   0.00000000e+00   0.00000000e+00  
 1          43         2.97375967       1          1          3          2.50000000       -0.50000000      0.00000000e+00   0.00000000e+00   0.00000000e+00  
 1          44         3.12244766       1          1          1          0.50000000       -0.50000000      -4.44168379e-04  0.00000000e+00   0.00000000e+00  
 1          44         3.12244766       1          1          2          1.50000000       -0.50000000      4.44168379e-04   0.00000000e+00   0.00000000e+00  
 1          44         3.12244766       1          1          3          2.50000000       -0.50000000      0.00000000e+00   0.00000000e+00   0.00000000e+00  
 1          45         3.27857004       1          1          1          0.50000000       -0.50000000      -4.51723212e-04  0.00000000e+00   0.00000000e+00  
 1          45         3.27857004       1          1          2          1.50000000       -0.50000000      4.51723212e-04   0.00000000e+00   0.00000000e+00  
 1          45         3.27857004       1          1          3          2.50000000       -0.50000000      0.00000000e+00   0.00000000e+00   0.00000000e+00  
 1          46         3.44249854       1          1          1          0.50000000       -0.50000000      -4.59679876e-04  0.00000000e+00   0.00000000e+00  
 1          46         3.44249854       1          1          2          1.50000000       -0.50000000      4.59679876e-04   0.00000000e+00   0.00000000e+00  
 1          46         3.44249854       1          1          3          2.50000000       -0.50000000      0.00000000e+00   0.00000000e+00   0.00000000e+00  
 1          47         3.61462347       1          1          1          0.50000000       -0.50000000      -4.68050766e-04  0.00000000e+00   0.00000000e+00  
 1          47         3.61462347       1          1          2          1.50000000       -0.50000000      4.68050766e-04   0.00000000e+00   0.00000000e+00  
 1          47         3.61462347       1          1          3          2.50000000       -0.50000000      0.00000000e+00   0.00000000e+00   0.00000000e+00  
 1          48         3.79535464       1          1          1          0.50000000       -0.50000000      -4.76838346e-04  0.00000000e+00   0.00000000e+00  
 1          48         3.79535464       1          1          2          1.50000000       -0.50000000      4.76838346e-04   0.00000000e+00   0.00000000e+00  
 1          48         3.79535464       1          1          3          2.50000000       -0.50000000      0.00000000e+00   0.00000000e+00   0.00000000e+00  
 1          49         3.98512237       1          1          1          0.50000000       -0.50000000      -4.86034339e-04  0.00000000e+00   0.00000000e+00  
 1          49         3.98512237       1          1          2          1.50000000       -0.50000000      4.86034339e-04   0.00000000e+00   0.00000000e+00  
 1          49         3.98512237       1          1          3          2.50000000       -0.50000000      0.00000000e+00   0.00000000e+00   0.00000000e+00  
 1          50         4.18437849       1          1          1          0.50000000       -0.50000000      -4.95619178e-04  0.00000000e+00   0.00000000e+00  
 1          50         4.18437849       1          1          2          1.50000000       -0.50000000      4.95619178e-04   0.00000000e+00   0.00000000e+00  
 1          50         4.18437849       1          1          3          2.50000000       -0.50000000      0.00000000e+00   0.00000000e+00   0.00000000e+00  
 1          51         4.39359742       1          1          1          0.50000000       -0.50000000      -5.05561738e-04  0.00000000e+00   0.00000000e+00  
 1          51         4.39359742       1          1          2          1.50000000       -0.50000000      5.05561738e-04   0.00000000e+00   0.00000000e+00  
 1          51         4.39359742       1          1          3          2.50000000       -0.50000000      0.00000000e+00   0.00000000e+00   0.00000000e+00  
 1          52         4.61327729       1          1          1          0.50000000       -0.50000000      -5.15819386e-04  0.00000000e+00   0.00000000e+00  
 1          52         4.61327729       1          1          2          1.50000000       -0.50000000      5.15819386e-04   0.00000000e+00   0.00000000e+00  
 1          52         4.61327729       1          1          3          2.50000000       -0.50000000      0.00000000e+00   0.00000000e+00   0.00000000e+00  
 1          53         4.84394115       1          1          1          0.50000000       -0.50000000      -5.26374127e-04  0.00000000e+00   0.00000000e+00  
 1          53         4.84394115       1          1          2          1.50000000       -0.50000000      5.26374127e-04   0.00000000e+00   0.00000000e+00  
 1          53         4.84394115       1          1          3          2.50000000       -0.50000000      0.00000000e+00   0.00000000e+00   0.00000000e+00  
 1          54         5.08613821       1          1          1          0.50000000       -0.50000000      -5.37228061e-04  0.00000000e+00   0.00000000e+00  
 1          54         5.08613821       1          1          2          1.50000000       -0.50000000      5.37228061e-04   0.00000000e+00   0.00000000e+00  
 1          54         5.08613821       1          1          3          2.50000000       -0.50000000      0.00000000e+00   0.00000000e+00   0.00000000e+00  
 1          55         5.34044512       1          1          1          0.50000000       -0.50000000      -5.48397974e-04  0.00000000e+00   0.00000000e+00  
 1          55         5.34044512       1          1          2          1.50000000       -0.50000000      5.48397974e-04   0.00000000e+00   0.00000000e+00  
 1          55         5.34044512       1          1          3          2.50000000       -0.50000000      0.00000000e+00   0.00000000e+00   0.00000000e+00  
 1          56         5.60746738       1          1          1          0.50000000       -0.50000000      -5.59909556e-04  0.00000000e+00   0.00000000e+00  
 1          56         5.60746738       1          1          2          1.50000000       -0.50000000      5.59909556e-04   0.00000000e+00   0.00000000e+00  
 1          56         5.60746738       1          1          3          2.50000000       -0.50000000      0.00000000e+00   0.00000000e+00   0.00000000e+00  
 1          57         5.88784074       1          1          1          0.50000000       -0.50000000      -5.71791629e-04  0.00000000e+00   0.00000000e+00  
 1          57         5.88784074       1          1          2          1.50000000       -0.50000000      5.71791629e-04   0.00000000e+00   0.00000000e+00  
 1          57         5.88784074       1          1          3          2.50000000       -0.50000000      0.00000000e+00   0.00000000e+00   0.00000000e+00  
 1          58         6.18223278       1          1          1          0.50000000       -0.50000000      -5.84070715e-04  0.00000000e+00   0.00000000e+00  
 1          58         6.18223278       1          1          2          1.50000000       -0.50000000      5.84070715e-04   0.00000000e+00   0.00000000e+00  
 1          58         6.18223278       1          1          3          2.50000000       -0.50000000      0.00000000e+00   0.00000000e+00   0.00000000e+00  
 1          59         6.49134442       1          1          1          0.50000000       -0.50000000      -5.96766247e-04  0.00000000e+00   0.00000000e+00  
 1          59         6.49134442       1          1          2          1.50000000       -0.50000000      5.96766247e-04   0.00000000e+00   0.00000000e+00  
 1          59         6.49134442       1          1          3          2.50000000       -0.50000000      0.00000000e+00   0.00000000e+00   0.00000000e+00  
 1          60         6.81591164       1          1          1          0.50000000       -0.50000000      -6.09886631e-04  0.00000000e+00   0.00000000e+00  
 1          60         6.81591164       1          1          2          1.50000000       -0.50000000      6.09886631e-04   0.00000000e+00   0.00000000e+00  
 1          60         6.81591164       1          1          3          2.50000000       -0.50000000      0.00000000e+00   0.00000000e+00   0.00000000e+00  
 1          61         7.15670722       1          1          1          0.50000000       -0.50000000      -6.23426274e-04  0.00000000e+00   0.00000000e+00  
 1          61         7.15670722       1          1          2          1.50000000       -0.50000000      6.23426274e-04   0.00000000e+00   0.00000000e+00  
 1          61         7.15670722       1          1          3          2.50000000       -0.50000000      0.00000000e+00   0.00000000e+00   0.00000000e+00  
 1          62         7.51454258       1          1          1          0.50000000       -0.50000000      -6.37363652e-04  0.00000000e+00   0.00000000e+00  
 1          62         7.51454258       1          1          2          1.50000000       -0.50000000      6.37363652e-04   0.00000000e+00   0.00000000e+00  
 1          62         7.51454258       1          1          3          2.50000000       -0.50000000      0.00000000e+00   0.00000000e+00   0.00000000e+00  
 1          63         7.89026971       1          1          1          0.50000000       -0.50000000      -6.51676735e-04  0.00000000e+00   0.00000000e+00  
 1          63         7.89026971       1          1          2          1.50000000       -0.50000000      6.51676735e-04   0.00000000e+00   0.00000000e+00  
 1          63         7.89026971       1          1          3          2.50000000       -0.50000000      0.00000000e+00   0.00000000e+00   0.00000000e+00  
 1          64         8.28478320       1          1          1          0.50000000       -0.50000000      -6.66356714e-04  0.00000000e+00   0.00000000e+00  
 1          64         8.28478320       1          1          2          1.50000000       -0.50000000      6.66356714e-04   0.00000000e+00   0.00000000e+00  
 1          64         8.28478320       1          1          3          2.50000000       -0.50000000      0.00000000e+00   0.00000000e+00   0.00000000e+00  
 1          65         8.69902236       1          1          1          0.50000000       -0.50000000      -6.81411599e-04  0.00000000e+00   0.00000000e+00  
 1          65         8.69902236       1          1          2          1.50000000       -0.50000000      6.81411599e-04   0.00000000e+00   0.00000000e+00  
 1          65         8.69902236       1          1          3          2.50000000       -0.50000000      0.00000000e+00   0.00000000e+00   0.00000000e+00  
 1          66         9.13397348       1          1          1          0.50000000       -0.50000000      -6.96863108e-04  0.00000000e+00   0.00000000e+00  
 1          66         9.13397348       1          1          2          1.50000000       -0.50000000      6.96863108e-04   0.00000000e+00   0.00000000e+00  
 1          66         9.13397348       1          1          3          2.50000000       -0.50000000      0.00000000e+00   0.00000000e+00   0.00000000e+00  
 1          67         9.59067215       1          1          1          0.50000000       -0.50000000      -7.12739802e-04  0.00000000e+00   0.00000000e+00  
 1          67         9.59067215       1          1          2          1.50000000       -0.50000000      7.12739802e-04   0.00000000e+00   0.00000000e+00  
 1          67         9.59067215       1          1          3          2.50000000       -0.50000000      0.00000000e+00   0.00000000e+00   0.00000000e+00  
 1          68         10.07020576      1          1          1          0.50000000       -0.50000000      -7.29068866e-04  0.00000000e+00   0.00000000e+00  
 1          68         10.07020576      1          1          2          1.50000000       -0.50000000      7.29068866e-04   0.00000000e+00   0.00000000e+00  
 1          68         10.07020576      1          1          3          2.50000000       -0.50000000      0.00000000e+00   0.00000000e+00   0.00000000e+00  
 1          69         10.57371605      1          1          1          0.50000000       -0.50000000      -7.45868243e-04  0.00000000e+00   0.00000000e+00  
 1          69         10.57371605      1          1          2          1.50000000       -0.50000000      7.45868243e-04   0.00000000e+00   0.00000000e+00  
 1          69         10.57371605      1          1          3          2.50000000       -0.50000000      0.00000000e+00   0.00000000e+00   0.00000000e+00  
 1          70         11.10240185      1          1          1          0.50000000       -0.50000000      -7.63140227e-04  0.00000000e+00   0.00000000e+00  
 1          70         11.10240185      1          1          2          1.50000000       -0.50000000      7.63140227e-04   0.00000000e+00   0.00000000e+00  
 1          70         11.10240185      1          1          3          2.50000000       -0.50000000      0.00000000e+00   0.00000000e+00   0.00000000e+00  
 1          71         11.65752194      1          1          1          0.50000000       -0.50000000      -7.80875131e-04  0.00000000e+00   0.00000000e+00  
 1          71         11.65752194      1          1          2          1.50000000       -0.50000000      7.80875131e-04   0.00000000e+00   0.00000000e+00  
 1          71         11.65752194      1          1          3          2.50000000       -0.50000000      0.00000000e+00   0.00000000e+00   0.00000000e+00  
 1          72         12.24039804      1          1          1          0.50000000       -0.50000000      -7.99065392e-04  0.00000000e+00   0.00000000e+00  
 1          72         12.24039804      1          1          2          1.50000000       -0.50000000      7.99065392e-04   0.00000000e+00   0.00000000e+00  
 1          72         12.24039804      1          1          3          2.50000000       -0.50000000      0.00000000e+00   0.00000000e+00   0.00000000e+00  
 1          73         12.85241794      1          1          1          0.50000000       -0.50000000      -8.17715412e-04  0.00000000e+00   0.00000000e+00  
 1          73         12.85241794      1          1          2          1.50000000       -0.50000000      8.17715412e-04   0.00000000e+00   0.00000000e+00  
 1          73         12.85241794      1          1          3          2.50000000       -0.50000000      0.00000000e+00   0.00000000e+00   0.00000000e+00  
 1          74         13.49503884      1          1          1          0.50000000       -0.50000000      -8.36843014e-04  0.00000000e+00   0.00000000e+00  
 1          74         13.49503884      1          1          2          1.50000000       -0.50000000      8.36843014e-04   0.00000000e+00   0.00000000e+00  
 1          74         13.49503884      1          1          3          2.50000000       -0.50000000      0.00000000e+00   0.00000000e+00   0.00000000e+00  
 1          75         14.16979078      1          1          1          0.50000000       -0.50000000      -8.56473841e-04  0.00000000e+00   0.00000000e+00  
 1          75         14.16979078      1          1          2          1.50000000       -0.50000000      8.56473841e-04   0.00000000e+00   0.00000000e+00  
 1          75         14.16979078      1          1          3          2.50000000       -0.50000000      0.00000000e+00   0.00000000e+00   0.00000000e+00  
 1          76         14.87828032      1          1          1          0.50000000       -0.50000000      -8.76631934e-04  0.00000000e+00   0.00000000e+00  
 1          76         14.87828032      1          1          2          1.50000000       -0.50000000      8.76631934e-04   0.00000000e+00   0.00000000e+00  
 1          76         14.87828032      1          1          3          2.50000000       -0.50000000      0.00000000e+00   0.00000000e+00   0.00000000e+00  
 1          77         15.62219433      1          1          1          0.50000000       -0.50000000      -8.97329695e-04  0.00000000e+00   0.00000000e+00  
 1          77         15.62219433      1          1          2          1.50000000       -0.50000000      8.97329695e-04   0.00000000e+00   0.00000000e+00  
 1          77         15.62219433      1          1          3          2.50000000       -0.50000000      0.00000000e+00   0.00000000e+00   0.00000000e+00  
 1          78         16.40330405      1          1          1          0.50000000       -0.50000000      -9.18568204e-04  0.00000000e+00   0.00000000e+00  
 1          78         16.40330405      1          1          2          1.50000000       -0.50000000      9.18568204e-04   0.00000000e+00   0.00000000e+00  
 1          78         16.40330405      1          1          3          2.50000000       -0.50000000      0.00000000e+00   0.00000000e+00   0.00000000e+00  
 1          79         17.22346925      1          1          1          0.50000000       -0.50000000      -9.40347929e-04  0.00000000e+00   0.00000000e+00  
 1          79         17.22346925      1          1          2          1.50000000       -0.50000000      9.40347929e-04   0.00000000e+00   0.00000000e+00  
 1          79         17.22346925      1          1          3          2.50000000       -0.50000000      0.00000000e+00   0.00000000e+00   0.00000000e+00  
 1          80         18.08464272      1          1          1          0.50000000       -0.50000000      -9.62678168e-04  0.00000000e+00   0.00000000e+00  
 1          80         18.08464272      1          1          2          1.50000000       -0.50000000      9.62678168e-04   0.00000000e+00   0.00000000e+00  
 1          80         18.08464272      1          1          3          2.50000000       -0.50000000      0.00000000e+00   0.00000000e+00   0.00000000e+00  
 1          81         18.98887485      1          1          1          0.50000000       -0.50000000      -9.85578633e-04  0.00000000e+00   0.00000000e+00  
 1          81         18.98887485      1          1          2          1.50000000       -0.50000000      9.85578633e-04   0.00000000e+00   0.00000000e+00  
 1          81         18.98887485      1          1          3          2.50000000       -0.50000000      0.00000000e+00   0.00000000e+00   0.00000000e+00  
 1          82         19.93831860      1          1          1          0.50000000       -0.50000000      -1.00907305e-03  0.00000000e+00   0.00000000e+00  
 1          82         19.93831860      1          1          2          1.50000000       -0.50000000      1.00907305e-03   0.00000000e+00   0.00000000e+00  
 1          82         19.93831860      1          1          3          2.50000000       -0.50000000      0.00000000e+00   0.00000000e+00   0.00000000e+00  
 1          83         20.93523452      1          1          1          0.50000000       -0.50000000      -1.03317831e-03  0.00000000e+00   0.00000000e+00  
 1          83         20.93523452      1          1          2          1.50000000       -0.50000000      1.03317831e-03   0.00000000e+00   0.00000000e+00  
 1          83         20.93523452      1          1          3          2.50000000       -0.50000000      0.00000000e+00   0.00000000e+00   0.00000000e+00  
 1          84         21.98199625      1          1          1          0.50000000       -0.50000000      -1.05790241e-03  0.00000000e+00   0.00000000e+00  
 1          84         21.98199625      1          1          2          1.50000000       -0.50000000      1.05790241e-03   0.00000000e+00   0.00000000e+00  
 1          84         21.98199625      1          1          3          2.50000000       -0.50000000      0.00000000e+00   0.00000000e+00   0.00000000e+00  
 1          85         23.08109606      1          1          1          0.50000000       -0.50000000      -1.08325242e-03  0.00000000e+00   0.00000000e+00  
 1          85         23.08109606      1          1          2          1.50000000       -0.50000000      1.08325242e-03   0.00000000e+00   0.00000000e+00  
 1          85         23.08109606      1          1          3          2.50000000       -0.50000000      0.00000000e+00   0.00000000e+00   0.00000000e+00  
 1          86         24.23515087      1          1          1          0.50000000       -0.50000000      -1.10924242e-03  0.00000000e+00   0.00000000e+00  
 1          86         24.23515087      1          1          2          1.50000000       -0.50000000      1.10924242e-03   0.00000000e+00   0.00000000e+00  
 1          86         24.23515087      1          1          3          2.50000000       -0.50000000      0.00000000e+00   0.00000000e+00   0.00000000e+00  
 1          87         25.44690841      1          1          1          0.50000000       -0.50000000      -1.13589378e-03  0.00000000e+00   0.00000000e+00  
 1          87         25.44690841      1          1          2          1.50000000       -0.50000000      1.13589378e-03   0.00000000e+00   0.00000000e+00  
 1          87         25.44690841      1          1          3          2.50000000       -0.50000000      0.00000000e+00   0.00000000e+00   0.00000000e+00  
 1          88         26.71925383      1          1          1          0.50000000       -0.50000000      -1.16322725e-03  0.00000000e+00   0.00000000e+00  
 1          88         26.71925383      1          1          2          1.50000000       -0.50000000      1.16322725e-03   0.00000000e+00   0.00000000e+00  
 1          88         26.71925383      1          1          3          2.50000000       -0.50000000      0.00000000e+00   0.00000000e+00   0.00000000e+00  
 1          89         28.05521652      1          1          1          0.50000000       -0.50000000      -1.19125715e-03  0.00000000e+00   0.00000000e+00  
 1          89         28.05521652      1          1          2          1.50000000       -0.50000000      1.19125715e-03   0.00000000e+00   0.00000000e+00  
 1          89         28.05521652      1          1          3          2.50000000       -0.50000000      0.00000000e+00   0.00000000e+00   0.00000000e+00  
 1          90         29.45797735      1          1          1          0.50000000       -0.50000000      -1.21999523e-03  0.00000000e+00   0.00000000e+00  
 1          90         29.45797735      1          1          2          1.50000000       -0.50000000      1.21999523e-03   0.00000000e+00   0.00000000e+00  
 1          90         29.45797735      1          1          3          2.50000000       -0.50000000      0.00000000e+00   0.00000000e+00   0.00000000e+00  
 1          91         30.93087622      1          1          1          0.50000000       -0.50000000      -1.24945747e-03  0.00000000e+00   0.00000000e+00  
 1          91         30.93087622      1          1          2          1.50000000       -0.50000000      1.24945747e-03   0.00000000e+00   0.00000000e+00  
 1          91         30.93087622      1          1          3          2.50000000       -0.50000000      0.00000000e+00   0.00000000e+00   0.00000000e+00  
 1          92         32.47742003      1          1          1          0.50000000       -0.50000000      -1.27966500e-03  0.00000000e+00   0.00000000e+00  
 1          92         32.47742003      1          1          2          1.50000000       -0.50000000      1.27966500e-03   0.00000000e+00   0.00000000e+00  
 1          92         32.47742003      1          1          3          2.50000000       -0.50000000      0.00000000e+00   0.00000000e+00   0.00000000e+00  
 1          93         34.10129103      1          1          1          0.50000000       -0.50000000      -1.31063653e-03  0.00000000e+00   0.00000000e+00  
 1          93         34.10129103      1          1          2          1.50000000       -0.50000000      1.31063653e-03   0.00000000e+00   0.00000000e+00  
 1          93         34.10129103      1          1          3          2.50000000       -0.50000000      0.00000000e+00   0.00000000e+00   0.00000000e+00  
 1          94         35.80635558      1          1          1          0.50000000       -0.50000000      -1.34238684e-03  0.00000000e+00   0.00000000e+00  
 1          94         35.80635558      1          1          2          1.50000000       -0.50000000      1.34238684e-03   0.00000000e+00   0.00000000e+00  
 1          94         35.80635558      1          1          3          2.50000000       -0.50000000      0.00000000e+00   0.00000000e+00   0.00000000e+00  
 1          95         37.59667336      1          1          1          0.50000000       -0.50000000      -1.37493236e-03  0.00000000e+00   0.00000000e+00  
 1          95         37.59667336      1          1          2          1.50000000       -0.50000000      1.37493236e-03   0.00000000e+00   0.00000000e+00  
 1          95         37.59667336      1          1          3          2.50000000       -0.50000000      0.00000000e+00   0.00000000e+00   0.00000000e+00  
 1          96         39.47650703      1          1          1          0.50000000       -0.50000000      -1.40829498e-03  0.00000000e+00   0.00000000e+00  
 1          96         39.47650703      1          1          2          1.50000000       -0.50000000      1.40829498e-03   0.00000000e+00   0.00000000e+00  
 1          96         39.47650703      1          1          3          2.50000000       -0.50000000      0.00000000e+00   0.00000000e+00   0.00000000e+00  
 1          97         41.45033238      1          1          1          0.50000000       -0.50000000      -1.44249703e-03  0.00000000e+00   0.00000000e+00  
 1          97         41.45033238      1          1          2          1.50000000       -0.50000000      1.44249703e-03   0.00000000e+00   0.00000000e+00  
 1          97         41.45033238      1          1          3          2.50000000       -0.50000000      0.00000000e+00   0.00000000e+00   0.00000000e+00  
 1          98         43.52284900      1          1          1          0.50000000       -0.50000000      -1.47755809e-03  0.00000000e+00   0.00000000e+00  
 1          98         43.52284900      1          1          2          1.50000000       -0.50000000      1.47755809e-03   0.00000000e+00   0.00000000e+00  
 1          98         43.52284900      1          1          3          2.50000000       -0.50000000      0.00000000e+00   0.00000000e+00   0.00000000e+00  
 1          99         45.69899145      1          1          1          0.50000000       -0.50000000      -1.51349823e-03  0.00000000e+00   0.00000000e+00  
 1          99         45.69899145      1          1          2          1.50000000       -0.50000000      1.51349823e-03   0.00000000e+00   0.00000000e+00  
 1          99         45.69899145      1          1          3          2.50000000       -0.50000000      0.00000000e+00   0.00000000e+00   0.00000000e+00  
 1          100        47.98394102      1          1          1          0.50000000       -0.50000000      -1.55034073e-03  0.00000000e+00   0.00000000e+00  
 1          100        47.98394102      1          1          2          1.50000000       -0.50000000      1.55034073e-03   0.00000000e+00   0.00000000e+00  
 1          100        47.98394102      1          1          3          2.50000000       -0.50000000      0.00000000e+00   0.00000000e+00   0.00000000e+00  
