 IPER  ISTEP           DLEN           ILYR    IROW   ICOL                     STA                     FBC                     CST                     IBE                     IBV                     WST                     CNH                     ABER
 1          1          0.38313807       1          1          1          -0.00000000e+00  3.17112864e-04   0.00000000e+00   0.00000000e+00   0.00000000e+00   0.00000000e+00   -3.17112864e-04  0.00000000e+00  
 1          1          0.38313807       1          1          2          -0.00000000e+00  -6.34225727e-04  0.00000000e+00   6.34225727e-04   0.00000000e+00   0.00000000e+00   0.00000000e+00   0.00000000e+00  
 1          1          0.38313807       1          1          3          -0.00000000e+00  3.17112864e-04   0.00000000e+00   0.00000000e+00   0.00000000e+00   0.00000000e+00   -3.17112864e-04  0.00000000e+00  
 1          2          0.40229497       1          1          1          -0.00000000e+00  2.00654983e-04   0.00000000e+00   0.00000000e+00   0.00000000e+00   0.00000000e+00   -2.00654983e-04  0.00000000e+00  
 1          2          0.40229497       1          1          2          -0.00000000e+00  -4.01309965e-04  0.00000000e+00   3.31078475e-04   7.02314905e-05   0.00000000e+00   0.00000000e+00   0.00000000e+00  
 1          2          0.40229497       1          1          3          -0.00000000e+00  2.00654983e-04   0.00000000e+00   0.00000000e+00   0.00000000e+00   0.00000000e+00   -2.00654983e-04  0.00000000e+00  
 1          3          0.42240972       1          1          1          -0.00000000e+00  2.08886368e-04   0.00000000e+00   0.00000000e+00   0.00000000e+00   0.00000000e+00   -2.08886368e-04  0.00000000e+00  
 1          3          0.42240972       1          1          2          -0.00000000e+00  -4.17772736e-04  0.00000000e+00   2.44101791e-04   1.73670946e-04   0.00000000e+00   0.00000000e+00   -9.15955076e-20 
 1          3          0.42240972       1          1          3          -0.00000000e+00  2.08886368e-04   0.00000000e+00   0.00000000e+00   0.00000000e+00   0.00000000e+00   -2.08886368e-04  0.00000000e+00  
 1          4          0.44353021       1          1          1          -0.00000000e+00  2.16898471e-04   0.00000000e+00   0.00000000e+00   0.00000000e+00   0.00000000e+00   -2.16898471e-04  0.00000000e+00  
 1          4          0.44353021       1          1          2          -0.00000000e+00  -4.33796942e-04  0.00000000e+00   2.10521195e-04   2.23275747e-04   0.00000000e+00   0.00000000e+00   0.00000000e+00  
 1          4          0.44353021       1          1          3          -0.00000000e+00  2.16898471e-04   0.00000000e+00   0.00000000e+00   0.00000000e+00   0.00000000e+00   -2.16898471e-04  0.00000000e+00  
 1          5          0.46570672       1          1          1          -0.00000000e+00  2.24787479e-04   0.00000000e+00   0.00000000e+00   0.00000000e+00   0.00000000e+00   -2.24787479e-04  0.00000000e+00  
 1          5          0.46570672       1          1          2          -0.00000000e+00  -4.49574959e-04  0.00000000e+00   1.91212291e-04   2.58362668e-04   0.00000000e+00   0.00000000e+00   0.00000000e+00  
 1          5          0.46570672       1          1          3          -0.00000000e+00  2.24787479e-04   0.00000000e+00   0.00000000e+00   0.00000000e+00   0.00000000e+00   -2.24787479e-04  0.00000000e+00  
 1          6          0.48899205       1          1          1          -0.00000000e+00  2.32585997e-04   0.00000000e+00   0.00000000e+00   0.00000000e+00   0.00000000e+00   -2.32585997e-04  0.00000000e+00  
 1          6          0.48899205       1          1          2          -0.00000000e+00  -4.65171993e-04  0.00000000e+00   1.78826340e-04   2.86345653e-04   0.00000000e+00   0.00000000e+00   -5.30166247e-20 
 1          6          0.48899205       1          1          3          -0.00000000e+00  2.32585997e-04   0.00000000e+00   0.00000000e+00   0.00000000e+00   0.00000000e+00   -2.32585997e-04  0.00000000e+00  
 1          7          0.51344166       1          1          1          -0.00000000e+00  2.40300463e-04   0.00000000e+00   0.00000000e+00   0.00000000e+00   0.00000000e+00   -2.40300463e-04  0.00000000e+00  
 1          7          0.51344166       1          1          2          -0.00000000e+00  -4.80600927e-04  0.00000000e+00   1.70421423e-04   3.10179503e-04   0.00000000e+00   0.00000000e+00   0.00000000e+00  
 1          7          0.51344166       1          1          3          -0.00000000e+00  2.40300463e-04   0.00000000e+00   0.00000000e+00   0.00000000e+00   0.00000000e+00   -2.40300463e-04  0.00000000e+00  
 1          8          0.53911374       1          1          1          -0.00000000e+00  2.47923758e-04   0.00000000e+00   0.00000000e+00   0.00000000e+00   0.00000000e+00   -2.47923758e-04  0.00000000e+00  
 1          8          0.53911374       1          1          2          -0.00000000e+00  -4.95847515e-04  0.00000000e+00   1.64562310e-04   3.31285205e-04   0.00000000e+00   0.00000000e+00   0.00000000e+00  
 1          8          0.53911374       1          1          3          -0.00000000e+00  2.47923758e-04   0.00000000e+00   0.00000000e+00   0.00000000e+00   0.00000000e+00   -2.47923758e-04  0.00000000e+00  
 1          9          0.56606943       1          1          1          -0.00000000e+00  2.55440498e-04   0.00000000e+00   0.00000000e+00   0.00000000e+00   0.00000000e+00   -2.55440498e-04  0.00000000e+00  
 1          9          0.56606943       1          1          2          -0.00000000e+00  -5.10880995e-04  0.00000000e+00   1.60455649e-04   3.50425347e-04   0.00000000e+00   0.00000000e+00   0.00000000e+00  
 1          9          0.56606943       1          1          3          -0.00000000e+00  2.55440498e-04   0.00000000e+00   0.00000000e+00   0.00000000e+00   0.00000000e+00   -2.55440498e-04  0.00000000e+00  
 1          10         0.59437290       1          1          1          -0.00000000e+00  2.62829643e-04   0.00000000e+00   0.00000000e+00   0.00000000e+00   0.00000000e+00   -2.62829643e-04  0.00000000e+00  
 1          10         0.59437290       1          1          2          -0.00000000e+00  -5.25659287e-04  0.00000000e+00   1.57623416e-04   3.68035871e-04   0.00000000e+00   0.00000000e+00   0.00000000e+00  
 1          10         0.59437290       1          1          3          -0.00000000e+00  2.62829643e-04   0.00000000e+00   0.00000000e+00   0.00000000e+00   0.00000000e+00   -2.62829643e-04  0.00000000e+00  
 1          11         0.62409154       1          1          1          -0.00000000e+00  2.70065935e-04   0.00000000e+00   0.00000000e+00   0.00000000e+00   0.00000000e+00   -2.70065935e-04  0.00000000e+00  
 1          11         0.62409154       1          1          2          -0.00000000e+00  -5.40131870e-04  0.00000000e+00   1.55758764e-04   3.84373106e-04   0.00000000e+00   0.00000000e+00   6.76641406e-20  
 1          11         0.62409154       1          1          3          -0.00000000e+00  2.70065935e-04   0.00000000e+00   0.00000000e+00   0.00000000e+00   0.00000000e+00   -2.70065935e-04  0.00000000e+00  
 1          12         0.65529612       1          1          1          -0.00000000e+00  2.77120788e-04   0.00000000e+00   0.00000000e+00   0.00000000e+00   0.00000000e+00   -2.77120788e-04  0.00000000e+00  
 1          12         0.65529612       1          1          2          -0.00000000e+00  -5.54241575e-04  0.00000000e+00   1.54654914e-04   3.99586661e-04   0.00000000e+00   0.00000000e+00   0.00000000e+00  
 1          12         0.65529612       1          1          3          -0.00000000e+00  2.77120788e-04   0.00000000e+00   0.00000000e+00   0.00000000e+00   0.00000000e+00   -2.77120788e-04  0.00000000e+00  
 1          13         0.68806093       1          1          1          -0.00000000e+00  2.83962914e-04   0.00000000e+00   0.00000000e+00   0.00000000e+00   0.00000000e+00   -2.83962914e-04  0.00000000e+00  
 1          13         0.68806093       1          1          2          -0.00000000e+00  -5.67925828e-04  0.00000000e+00   1.54167051e-04   4.13758777e-04   0.00000000e+00   0.00000000e+00   0.00000000e+00  
 1          13         0.68806093       1          1          3          -0.00000000e+00  2.83962914e-04   0.00000000e+00   0.00000000e+00   0.00000000e+00   0.00000000e+00   -2.83962914e-04  0.00000000e+00  
 1          14         0.72246397       1          1          1          -0.00000000e+00  2.90558815e-04   0.00000000e+00   0.00000000e+00   0.00000000e+00   0.00000000e+00   -2.90558815e-04  0.00000000e+00  
 1          14         0.72246397       1          1          2          -0.00000000e+00  -5.81117630e-04  0.00000000e+00   1.54190517e-04   4.26927112e-04   0.00000000e+00   0.00000000e+00   0.00000000e+00  
 1          14         0.72246397       1          1          3          -0.00000000e+00  2.90558815e-04   0.00000000e+00   0.00000000e+00   0.00000000e+00   0.00000000e+00   -2.90558815e-04  0.00000000e+00  
 1          15         0.75858717       1          1          1          -0.00000000e+00  2.96873213e-04   0.00000000e+00   0.00000000e+00   0.00000000e+00   0.00000000e+00   -2.96873213e-04  0.00000000e+00  
 1          15         0.75858717       1          1          2          -0.00000000e+00  -5.93746426e-04  0.00000000e+00   1.54647673e-04   4.39098753e-04   0.00000000e+00   0.00000000e+00   8.22461859e-20  
 1          15         0.75858717       1          1          3          -0.00000000e+00  2.96873213e-04   0.00000000e+00   0.00000000e+00   0.00000000e+00   0.00000000e+00   -2.96873213e-04  0.00000000e+00  
 1          16         0.79651653       1          1          1          -0.00000000e+00  3.02869464e-04   0.00000000e+00   0.00000000e+00   0.00000000e+00   0.00000000e+00   -3.02869464e-04  0.00000000e+00  
 1          16         0.79651653       1          1          2          -0.00000000e+00  -6.05738928e-04  0.00000000e+00   1.55479620e-04   4.50259308e-04   0.00000000e+00   0.00000000e+00   0.00000000e+00  
 1          16         0.79651653       1          1          3          -0.00000000e+00  3.02869464e-04   0.00000000e+00   0.00000000e+00   0.00000000e+00   0.00000000e+00   -3.02869464e-04  0.00000000e+00  
 1          17         0.83634236       1          1          1          -0.00000000e+00  3.08509985e-04   0.00000000e+00   0.00000000e+00   0.00000000e+00   0.00000000e+00   -3.08509985e-04  0.00000000e+00  
 1          17         0.83634236       1          1          2          -0.00000000e+00  -6.17019969e-04  0.00000000e+00   1.56640807e-04   4.60379162e-04   0.00000000e+00   0.00000000e+00   0.00000000e+00  
 1          17         0.83634236       1          1          3          -0.00000000e+00  3.08509985e-04   0.00000000e+00   0.00000000e+00   0.00000000e+00   0.00000000e+00   -3.08509985e-04  0.00000000e+00  
 1          18         0.87815947       1          1          1          -0.00000000e+00  3.13756696e-04   0.00000000e+00   0.00000000e+00   0.00000000e+00   0.00000000e+00   -3.13756696e-04  0.00000000e+00  
 1          18         0.87815947       1          1          2          -0.00000000e+00  -6.27513392e-04  0.00000000e+00   1.58095387e-04   4.69418005e-04   0.00000000e+00   0.00000000e+00   0.00000000e+00  
 1          18         0.87815947       1          1          3          -0.00000000e+00  3.13756696e-04   0.00000000e+00   0.00000000e+00   0.00000000e+00   0.00000000e+00   -3.13756696e-04  0.00000000e+00  
 1          19         0.92206745       1          1          1          -0.00000000e+00  3.18571506e-04   0.00000000e+00   0.00000000e+00   0.00000000e+00   0.00000000e+00   -3.18571506e-04  0.00000000e+00  
 1          19         0.92206745       1          1          2          -0.00000000e+00  -6.37143012e-04  0.00000000e+00   1.59814708e-04   4.77328305e-04   0.00000000e+00   0.00000000e+00   0.00000000e+00  
 1          19         0.92206745       1          1          3          -0.00000000e+00  3.18571506e-04   0.00000000e+00   0.00000000e+00   0.00000000e+00   0.00000000e+00   -3.18571506e-04  0.00000000e+00  
 1          20         0.96817082       1          1          1          -0.00000000e+00  3.22916831e-04   0.00000000e+00   0.00000000e+00   0.00000000e+00   0.00000000e+00   -3.22916831e-04  0.00000000e+00  
 1          20         0.96817082       1          1          2          -0.00000000e+00  -6.45833662e-04  0.00000000e+00   1.61775534e-04   4.84058128e-04   0.00000000e+00   0.00000000e+00   0.00000000e+00  
 1          20         0.96817082       1          1          3          -0.00000000e+00  3.22916831e-04   0.00000000e+00   0.00000000e+00   0.00000000e+00   0.00000000e+00   -3.22916831e-04  0.00000000e+00  
 1          21         1.01657936       1          1          1          -0.00000000e+00  3.27166734e-04   0.00000000e+00   0.00000000e+00   0.00000000e+00   0.00000000e+00   -3.27166734e-04  0.00000000e+00  
 1          21         1.01657936       1          1          2          -0.00000000e+00  -6.54333468e-04  0.00000000e+00   1.60028610e-04   4.94304858e-04   0.00000000e+00   0.00000000e+00   0.00000000e+00  
 1          21         1.01657936       1          1          3          -0.00000000e+00  3.27166734e-04   0.00000000e+00   0.00000000e+00   0.00000000e+00   0.00000000e+00   -3.27166734e-04  0.00000000e+00  
 1          22         1.06740833       1          1          1          -0.00000000e+00  3.31340844e-04   0.00000000e+00   0.00000000e+00   0.00000000e+00   0.00000000e+00   -3.31340844e-04  0.00000000e+00  
 1          22         1.06740833       1          1          2          -0.00000000e+00  -6.62681688e-04  0.00000000e+00   1.60615549e-04   5.02066139e-04   0.00000000e+00   0.00000000e+00   0.00000000e+00  
 1          22         1.06740833       1          1          3          -0.00000000e+00  3.31340844e-04   0.00000000e+00   0.00000000e+00   0.00000000e+00   0.00000000e+00   -3.31340844e-04  0.00000000e+00  
 1          23         1.12077875       1          1          1          -0.00000000e+00  3.35458731e-04   0.00000000e+00   0.00000000e+00   0.00000000e+00   0.00000000e+00   -3.35458731e-04  0.00000000e+00  
 1          23         1.12077875       1          1          2          -0.00000000e+00  -6.70917461e-04  0.00000000e+00   1.61847997e-04   5.09069465e-04   0.00000000e+00   0.00000000e+00   0.00000000e+00  
 1          23         1.12077875       1          1          3          -0.00000000e+00  3.35458731e-04   0.00000000e+00   0.00000000e+00   0.00000000e+00   0.00000000e+00   -3.35458731e-04  0.00000000e+00  
 1          24         1.17681768       1          1          1          -0.00000000e+00  3.39542307e-04   0.00000000e+00   0.00000000e+00   0.00000000e+00   0.00000000e+00   -3.39542307e-04  0.00000000e+00  
 1          24         1.17681768       1          1          2          -0.00000000e+00  -6.79084614e-04  0.00000000e+00   1.63492514e-04   5.15592100e-04   0.00000000e+00   0.00000000e+00   0.00000000e+00  
 1          24         1.17681768       1          1          3          -0.00000000e+00  3.39542307e-04   0.00000000e+00   0.00000000e+00   0.00000000e+00   0.00000000e+00   -3.39542307e-04  0.00000000e+00  
 1          25         1.23565857       1          1          1          -0.00000000e+00  3.43615385e-04   0.00000000e+00   0.00000000e+00   0.00000000e+00   0.00000000e+00   -3.43615385e-04  0.00000000e+00  
 1          25         1.23565857       1          1          2          -0.00000000e+00  -6.87230771e-04  0.00000000e+00   1.65460537e-04   5.21770234e-04   0.00000000e+00   0.00000000e+00   -1.33970370e-19 
 1          25         1.23565857       1          1          3          -0.00000000e+00  3.43615385e-04   0.00000000e+00   0.00000000e+00   0.00000000e+00   0.00000000e+00   -3.43615385e-04  0.00000000e+00  
 1          26         1.29744149       1          1          1          -0.00000000e+00  3.47703142e-04   0.00000000e+00   0.00000000e+00   0.00000000e+00   0.00000000e+00   -3.47703142e-04  0.00000000e+00  
 1          26         1.29744149       1          1          2          -0.00000000e+00  -6.95406284e-04  0.00000000e+00   1.67706526e-04   5.27699759e-04   0.00000000e+00   0.00000000e+00   0.00000000e+00  
 1          26         1.29744149       1          1          3          -0.00000000e+00  3.47703142e-04   0.00000000e+00   0.00000000e+00   0.00000000e+00   0.00000000e+00   -3.47703142e-04  0.00000000e+00  
 1          27         1.36231357       1          1          1          -0.00000000e+00  3.51831492e-04   0.00000000e+00   0.00000000e+00   0.00000000e+00   0.00000000e+00   -3.51831492e-04  0.00000000e+00  
 1          27         1.36231357       1          1          2          -0.00000000e+00  -7.03662984e-04  0.00000000e+00   1.70203375e-04   5.33459608e-04   0.00000000e+00   0.00000000e+00   0.00000000e+00  
 1          27         1.36231357       1          1          3          -0.00000000e+00  3.51831492e-04   0.00000000e+00   0.00000000e+00   0.00000000e+00   0.00000000e+00   -3.51831492e-04  0.00000000e+00  
 1          28         1.43042925       1          1          1          -0.00000000e+00  3.56026365e-04   0.00000000e+00   0.00000000e+00   0.00000000e+00   0.00000000e+00   -3.56026365e-04  0.00000000e+00  
 1          28         1.43042925       1          1          2          -0.00000000e+00  -7.12052729e-04  0.00000000e+00   1.72933516e-04   5.39119213e-04   0.00000000e+00   0.00000000e+00   0.00000000e+00  
 1          28         1.43042925       1          1          3          -0.00000000e+00  3.56026365e-04   0.00000000e+00   0.00000000e+00   0.00000000e+00   0.00000000e+00   -3.56026365e-04  0.00000000e+00  
 1          29         1.50195071       1          1          1          -0.00000000e+00  3.60312904e-04   0.00000000e+00   0.00000000e+00   0.00000000e+00   0.00000000e+00   -3.60312904e-04  0.00000000e+00  
 1          29         1.50195071       1          1          2          -0.00000000e+00  -7.20625808e-04  0.00000000e+00   1.75884936e-04   5.44740872e-04   0.00000000e+00   0.00000000e+00   -8.14209112e-20 
 1          29         1.50195071       1          1          3          -0.00000000e+00  3.60312904e-04   0.00000000e+00   0.00000000e+00   0.00000000e+00   0.00000000e+00   -3.60312904e-04  0.00000000e+00  
 1          30         1.57704825       1          1          1          -0.00000000e+00  3.64714596e-04   0.00000000e+00   0.00000000e+00   0.00000000e+00   0.00000000e+00   -3.64714596e-04  0.00000000e+00  
 1          30         1.57704825       1          1          2          -0.00000000e+00  -7.29429192e-04  0.00000000e+00   1.79049139e-04   5.50380052e-04   0.00000000e+00   0.00000000e+00   0.00000000e+00  
 1          30         1.57704825       1          1          3          -0.00000000e+00  3.64714596e-04   0.00000000e+00   0.00000000e+00   0.00000000e+00   0.00000000e+00   -3.64714596e-04  0.00000000e+00  
 1          31         1.65590066       1          1          1          -0.00000000e+00  3.69252352e-04   0.00000000e+00   0.00000000e+00   0.00000000e+00   0.00000000e+00   -3.69252352e-04  0.00000000e+00  
 1          31         1.65590066       1          1          2          -0.00000000e+00  -7.38504705e-04  0.00000000e+00   1.82419979e-04   5.56084725e-04   0.00000000e+00   0.00000000e+00   0.00000000e+00  
 1          31         1.65590066       1          1          3          -0.00000000e+00  3.69252352e-04   0.00000000e+00   0.00000000e+00   0.00000000e+00   0.00000000e+00   -3.69252352e-04  0.00000000e+00  
 1          32         1.73869569       1          1          1          -0.00000000e+00  3.73943573e-04   0.00000000e+00   0.00000000e+00   0.00000000e+00   0.00000000e+00   -3.73943573e-04  0.00000000e+00  
 1          32         1.73869569       1          1          2          -0.00000000e+00  -7.47887147e-04  0.00000000e+00   1.85992943e-04   5.61894203e-04   0.00000000e+00   0.00000000e+00   0.00000000e+00  
 1          32         1.73869569       1          1          3          -0.00000000e+00  3.73943573e-04   0.00000000e+00   0.00000000e+00   0.00000000e+00   0.00000000e+00   -3.73943573e-04  0.00000000e+00  
 1          33         1.82563048       1          1          1          -0.00000000e+00  3.78801219e-04   0.00000000e+00   0.00000000e+00   0.00000000e+00   0.00000000e+00   -3.78801219e-04  0.00000000e+00  
 1          33         1.82563048       1          1          2          -0.00000000e+00  -7.57602438e-04  0.00000000e+00   1.89764688e-04   5.67837750e-04   0.00000000e+00   0.00000000e+00   0.00000000e+00  
 1          33         1.82563048       1          1          3          -0.00000000e+00  3.78801219e-04   0.00000000e+00   0.00000000e+00   0.00000000e+00   0.00000000e+00   -3.78801219e-04  0.00000000e+00  
 1          34         1.91691200       1          1          1          -0.00000000e+00  3.83832919e-04   0.00000000e+00   0.00000000e+00   0.00000000e+00   0.00000000e+00   -3.83832919e-04  0.00000000e+00  
 1          34         1.91691200       1          1          2          -0.00000000e+00  -7.67665838e-04  0.00000000e+00   1.93732714e-04   5.73933125e-04   0.00000000e+00   0.00000000e+00   0.00000000e+00  
 1          34         1.91691200       1          1          3          -0.00000000e+00  3.83832919e-04   0.00000000e+00   0.00000000e+00   0.00000000e+00   0.00000000e+00   -3.83832919e-04  0.00000000e+00  
 1          35         2.01275760       1          1          1          -0.00000000e+00  3.89040167e-04   0.00000000e+00   0.00000000e+00   0.00000000e+00   0.00000000e+00   -3.89040167e-04  0.00000000e+00  
 1          35         2.01275760       1          1          2          -0.00000000e+00  -7.78080333e-04  0.00000000e+00   1.97895146e-04   5.80185187e-04   0.00000000e+00   0.00000000e+00   -1.09111808e-19 
 1          35         2.01275760       1          1          3          -0.00000000e+00  3.89040167e-04   0.00000000e+00   0.00000000e+00   0.00000000e+00   0.00000000e+00   -3.89040167e-04  0.00000000e+00  
 1          36         2.11339548       1          1          1          -0.00000000e+00  3.94417615e-04   0.00000000e+00   0.00000000e+00   0.00000000e+00   0.00000000e+00   -3.94417615e-04  0.00000000e+00  
 1          36         2.11339548       1          1          2          -0.00000000e+00  -7.88835229e-04  0.00000000e+00   2.02250566e-04   5.86584663e-04   0.00000000e+00   0.00000000e+00   0.00000000e+00  
 1          36         2.11339548       1          1          3          -0.00000000e+00  3.94417615e-04   0.00000000e+00   0.00000000e+00   0.00000000e+00   0.00000000e+00   -3.94417615e-04  0.00000000e+00  
 1          37         2.21906525       1          1          1          -0.00000000e+00  3.99952528e-04   0.00000000e+00   0.00000000e+00   0.00000000e+00   0.00000000e+00   -3.99952528e-04  0.00000000e+00  
 1          37         2.21906525       1          1          2          -0.00000000e+00  -7.99905056e-04  0.00000000e+00   2.06797889e-04   5.93107167e-04   0.00000000e+00   0.00000000e+00   0.00000000e+00  
 1          37         2.21906525       1          1          3          -0.00000000e+00  3.99952528e-04   0.00000000e+00   0.00000000e+00   0.00000000e+00   0.00000000e+00   -3.99952528e-04  0.00000000e+00  
 1          38         2.33001852       1          1          1          -0.00000000e+00  4.05624410e-04   0.00000000e+00   0.00000000e+00   0.00000000e+00   0.00000000e+00   -4.05624410e-04  0.00000000e+00  
 1          38         2.33001852       1          1          2          -0.00000000e+00  -8.11248821e-04  0.00000000e+00   2.11536274e-04   5.99712547e-04   0.00000000e+00   0.00000000e+00   0.00000000e+00  
 1          38         2.33001852       1          1          3          -0.00000000e+00  4.05624410e-04   0.00000000e+00   0.00000000e+00   0.00000000e+00   0.00000000e+00   -4.05624410e-04  0.00000000e+00  
 1          39         2.44651944       1          1          1          -0.00000000e+00  4.11436179e-04   0.00000000e+00   0.00000000e+00   0.00000000e+00   0.00000000e+00   -4.11436179e-04  0.00000000e+00  
 1          39         2.44651944       1          1          2          -0.00000000e+00  -8.22872359e-04  0.00000000e+00   2.14891036e-04   6.07981323e-04   0.00000000e+00   0.00000000e+00   -1.32626085e-19 
 1          39         2.44651944       1          1          3          -0.00000000e+00  4.11436179e-04   0.00000000e+00   0.00000000e+00   0.00000000e+00   0.00000000e+00   -4.11436179e-04  0.00000000e+00  
 1          40         2.56884541       1          1          1          -0.00000000e+00  4.17434398e-04   0.00000000e+00   0.00000000e+00   0.00000000e+00   0.00000000e+00   -4.17434398e-04  0.00000000e+00  
 1          40         2.56884541       1          1          2          -0.00000000e+00  -8.34868795e-04  0.00000000e+00   2.17089206e-04   6.17779589e-04   0.00000000e+00   0.00000000e+00   0.00000000e+00  
 1          40         2.56884541       1          1          3          -0.00000000e+00  4.17434398e-04   0.00000000e+00   0.00000000e+00   0.00000000e+00   0.00000000e+00   -4.17434398e-04  0.00000000e+00  
 1          41         2.69728768       1          1          1          -0.00000000e+00  4.23664879e-04   0.00000000e+00   0.00000000e+00   0.00000000e+00   0.00000000e+00   -4.23664879e-04  0.00000000e+00  
 1          41         2.69728768       1          1          2          -0.00000000e+00  -8.47329758e-04  0.00000000e+00   2.20793365e-04   6.26536392e-04   0.00000000e+00   0.00000000e+00   0.00000000e+00  
 1          41         2.69728768       1          1          3          -0.00000000e+00  4.23664879e-04   0.00000000e+00   0.00000000e+00   0.00000000e+00   0.00000000e+00   -4.23664879e-04  0.00000000e+00  
 1          42         2.83215207       1          1          1          -0.00000000e+00  4.30171359e-04   0.00000000e+00   0.00000000e+00   0.00000000e+00   0.00000000e+00   -4.30171359e-04  0.00000000e+00  
 1          42         2.83215207       1          1          2          -0.00000000e+00  -8.60342719e-04  0.00000000e+00   2.25030083e-04   6.35312636e-04   0.00000000e+00   0.00000000e+00   0.00000000e+00  
 1          42         2.83215207       1          1          3          -0.00000000e+00  4.30171359e-04   0.00000000e+00   0.00000000e+00   0.00000000e+00   0.00000000e+00   -4.30171359e-04  0.00000000e+00  
 1          43         2.97375967       1          1          1          -0.00000000e+00  4.36994087e-04   0.00000000e+00   0.00000000e+00   0.00000000e+00   0.00000000e+00   -4.36994087e-04  0.00000000e+00  
 1          43         2.97375967       1          1          2          -0.00000000e+00  -8.73988173e-04  0.00000000e+00   2.29646947e-04   6.44341226e-04   0.00000000e+00   0.00000000e+00   1.61207835e-19  
 1          43         2.97375967       1          1          3          -0.00000000e+00  4.36994087e-04   0.00000000e+00   0.00000000e+00   0.00000000e+00   0.00000000e+00   -4.36994087e-04  0.00000000e+00  
 1          44         3.12244766       1          1          1          -0.00000000e+00  4.44168379e-04   0.00000000e+00   0.00000000e+00   0.00000000e+00   0.00000000e+00   -4.44168379e-04  0.00000000e+00  
 1          44         3.12244766       1          1          2          -0.00000000e+00  -8.88336759e-04  0.00000000e+00   2.34584569e-04   6.53752189e-04   0.00000000e+00   0.00000000e+00   1.69268227e-19  
 1          44         3.12244766       1          1          3          -0.00000000e+00  4.44168379e-04   0.00000000e+00   0.00000000e+00   0.00000000e+00   0.00000000e+00   -4.44168379e-04  0.00000000e+00  
 1          45         3.27857004       1          1          1          -0.00000000e+00  4.51723212e-04   0.00000000e+00   0.00000000e+00   0.00000000e+00   0.00000000e+00   -4.51723212e-04  0.00000000e+00  
 1          45         3.27857004       1          1          2          -0.00000000e+00  -9.03446424e-04  0.00000000e+00   2.39813376e-04   6.63633049e-04   0.00000000e+00   0.00000000e+00   -1.77731638e-19 
 1          45         3.27857004       1          1          3          -0.00000000e+00  4.51723212e-04   0.00000000e+00   0.00000000e+00   0.00000000e+00   0.00000000e+00   -4.51723212e-04  0.00000000e+00  
 1          46         3.44249854       1          1          1          -0.00000000e+00  4.59679876e-04   0.00000000e+00   0.00000000e+00   0.00000000e+00   0.00000000e+00   -4.59679876e-04  0.00000000e+00  
 1          46         3.44249854       1          1          2          -0.00000000e+00  -9.19359752e-04  0.00000000e+00   2.45316660e-04   6.74043092e-04   0.00000000e+00   0.00000000e+00   1.86618220e-19  
 1          46         3.44249854       1          1          3          -0.00000000e+00  4.59679876e-04   0.00000000e+00   0.00000000e+00   0.00000000e+00   0.00000000e+00   -4.59679876e-04  0.00000000e+00  
 1          47         3.61462347       1          1          1          -0.00000000e+00  4.68050766e-04   0.00000000e+00   0.00000000e+00   0.00000000e+00   0.00000000e+00   -4.68050766e-04  0.00000000e+00  
 1          47         3.61462347       1          1          2          -0.00000000e+00  -9.36101531e-04  0.00000000e+00   2.51084270e-04   6.85017261e-04   0.00000000e+00   0.00000000e+00   0.00000000e+00  
 1          47         3.61462347       1          1          3          -0.00000000e+00  4.68050766e-04   0.00000000e+00   0.00000000e+00   0.00000000e+00   0.00000000e+00   -4.68050766e-04  0.00000000e+00  
 1          48         3.79535464       1          1          1          -0.00000000e+00  4.76838346e-04   0.00000000e+00   0.00000000e+00   0.00000000e+00   0.00000000e+00   -4.76838346e-04  0.00000000e+00  
 1          48         3.79535464       1          1          2          -0.00000000e+00  -9.53676691e-04  0.00000000e+00   2.57109766e-04   6.96566925e-04   0.00000000e+00   0.00000000e+00   0.00000000e+00  
 1          48         3.79535464       1          1          3          -0.00000000e+00  4.76838346e-04   0.00000000e+00   0.00000000e+00   0.00000000e+00   0.00000000e+00   -4.76838346e-04  0.00000000e+00  
 1          49         3.98512237       1          1          1          -0.00000000e+00  4.86034339e-04   0.00000000e+00   0.00000000e+00   0.00000000e+00   0.00000000e+00   -4.86034339e-04  0.00000000e+00  
 1          49         3.98512237       1          1          2          -0.00000000e+00  -9.72068679e-04  0.00000000e+00   2.63388989e-04   7.08679690e-04   0.00000000e+00   0.00000000e+00   0.00000000e+00  
 1          49         3.98512237       1          1          3          -0.00000000e+00  4.86034339e-04   0.00000000e+00   0.00000000e+00   0.00000000e+00   0.00000000e+00   -4.86034339e-04  0.00000000e+00  
 1          50         4.18437849       1          1          1          -0.00000000e+00  4.95619178e-04   0.00000000e+00   0.00000000e+00   0.00000000e+00   0.00000000e+00   -4.95619178e-04  0.00000000e+00  
 1          50         4.18437849       1          1          2          -0.00000000e+00  -9.91238356e-04  0.00000000e+00   2.69919255e-04   7.21319100e-04   0.00000000e+00   0.00000000e+00   1.13417806e-19  
 1          50         4.18437849       1          1          3          -0.00000000e+00  4.95619178e-04   0.00000000e+00   0.00000000e+00   0.00000000e+00   0.00000000e+00   -4.95619178e-04  0.00000000e+00  
 1          51         4.39359742       1          1          1          -0.00000000e+00  5.05561738e-04   0.00000000e+00   0.00000000e+00   0.00000000e+00   0.00000000e+00   -5.05561738e-04  0.00000000e+00  
 1          51         4.39359742       1          1          2          -0.00000000e+00  -1.01112348e-03  0.00000000e+00   2.76698902e-04   7.34424573e-04   0.00000000e+00   0.00000000e+00   0.00000000e+00  
 1          51         4.39359742       1          1          3          -0.00000000e+00  5.05561738e-04   0.00000000e+00   0.00000000e+00   0.00000000e+00   0.00000000e+00   -5.05561738e-04  0.00000000e+00  
 1          52         4.61327729       1          1          1          -0.00000000e+00  5.15819386e-04   0.00000000e+00   0.00000000e+00   0.00000000e+00   0.00000000e+00   -5.15819386e-04  0.00000000e+00  
 1          52         4.61327729       1          1          2          -0.00000000e+00  -1.03163877e-03  0.00000000e+00   2.83726991e-04   7.47911781e-04   0.00000000e+00   0.00000000e+00   0.00000000e+00  
 1          52         4.61327729       1          1          3          -0.00000000e+00  5.15819386e-04   0.00000000e+00   0.00000000e+00   0.00000000e+00   0.00000000e+00   -5.15819386e-04  0.00000000e+00  
 1          53         4.84394115       1          1          1          -0.00000000e+00  5.26374127e-04   0.00000000e+00   0.00000000e+00   0.00000000e+00   0.00000000e+00   -5.26374127e-04  0.00000000e+00  
 1          53         4.84394115       1          1          2          -0.00000000e+00  -1.05274825e-03  0.00000000e+00   2.86852047e-04   7.65896208e-04   0.00000000e+00   0.00000000e+00   0.00000000e+00  
 1          53         4.84394115       1          1          3          -0.00000000e+00  5.26374127e-04   0.00000000e+00   0.00000000e+00   0.00000000e+00   0.00000000e+00   -5.26374127e-04  0.00000000e+00  
 1          54         5.08613821       1          1          1          -0.00000000e+00  5.37228061e-04   0.00000000e+00   0.00000000e+00   0.00000000e+00   0.00000000e+00   -5.37228061e-04  0.00000000e+00  
 1          54         5.08613821       1          1          2          -0.00000000e+00  -1.07445612e-03  0.00000000e+00   2.92458344e-04   7.81997778e-04   0.00000000e+00   0.00000000e+00   0.00000000e+00  
 1          54         5.08613821       1          1          3          -0.00000000e+00  5.37228061e-04   0.00000000e+00   0.00000000e+00   0.00000000e+00   0.00000000e+00   -5.37228061e-04  0.00000000e+00  
 1          55         5.34044512       1          1          1          -0.00000000e+00  5.48397974e-04   0.00000000e+00   0.00000000e+00   0.00000000e+00   0.00000000e+00   -5.48397974e-04  0.00000000e+00  
 1          55         5.34044512       1          1          2          -0.00000000e+00  -1.09679595e-03  0.00000000e+00   2.98842753e-04   7.97953195e-04   0.00000000e+00   0.00000000e+00   -1.44753055e-19 
 1          55         5.34044512       1          1          3          -0.00000000e+00  5.48397974e-04   0.00000000e+00   0.00000000e+00   0.00000000e+00   0.00000000e+00   -5.48397974e-04  0.00000000e+00  
 1          56         5.60746738       1          1          1          -0.00000000e+00  5.59909556e-04   0.00000000e+00   0.00000000e+00   0.00000000e+00   0.00000000e+00   -5.59909556e-04  0.00000000e+00  
 1          56         5.60746738       1          1          2          -0.00000000e+00  -1.11981911e-03  0.00000000e+00   3.05747214e-04   8.14071899e-04   0.00000000e+00   0.00000000e+00   -1.51990708e-19 
 1          56         5.60746738       1          1          3          -0.00000000e+00  5.59909556e-04   0.00000000e+00   0.00000000e+00   0.00000000e+00   0.00000000e+00   -5.59909556e-04  0.00000000e+00  
 1          57         5.88784074       1          1          1          -0.00000000e+00  5.71791629e-04   0.00000000e+00   0.00000000e+00   0.00000000e+00   0.00000000e+00   -5.71791629e-04  0.00000000e+00  
 1          57         5.88784074       1          1          2          -0.00000000e+00  -1.14358326e-03  0.00000000e+00   3.13075918e-04   8.30507341e-04   0.00000000e+00   0.00000000e+00   0.00000000e+00  
 1          57         5.88784074       1          1          3          -0.00000000e+00  5.71791629e-04   0.00000000e+00   0.00000000e+00   0.00000000e+00   0.00000000e+00   -5.71791629e-04  0.00000000e+00  
 1          58         6.18223278       1          1          1          -0.00000000e+00  5.84070715e-04   0.00000000e+00   0.00000000e+00   0.00000000e+00   0.00000000e+00   -5.84070715e-04  0.00000000e+00  
 1          58         6.18223278       1          1          2          -0.00000000e+00  -1.16814143e-03  0.00000000e+00   3.20782050e-04   8.47359380e-04   0.00000000e+00   0.00000000e+00   0.00000000e+00  
 1          58         6.18223278       1          1          3          -0.00000000e+00  5.84070715e-04   0.00000000e+00   0.00000000e+00   0.00000000e+00   0.00000000e+00   -5.84070715e-04  0.00000000e+00  
 1          59         6.49134442       1          1          1          -0.00000000e+00  5.96766247e-04   0.00000000e+00   0.00000000e+00   0.00000000e+00   0.00000000e+00   -5.96766247e-04  0.00000000e+00  
 1          59         6.49134442       1          1          2          -0.00000000e+00  -1.19353249e-03  0.00000000e+00   3.28839553e-04   8.64692942e-04   0.00000000e+00   0.00000000e+00   1.75948243e-19  
 1          59         6.49134442       1          1          3          -0.00000000e+00  5.96766247e-04   0.00000000e+00   0.00000000e+00   0.00000000e+00   0.00000000e+00   -5.96766247e-04  0.00000000e+00  
 1          60         6.81591164       1          1          1          -0.00000000e+00  6.09886631e-04   0.00000000e+00   0.00000000e+00   0.00000000e+00   0.00000000e+00   -6.09886631e-04  0.00000000e+00  
 1          60         6.81591164       1          1          2          -0.00000000e+00  -1.21977326e-03  0.00000000e+00   3.37232927e-04   8.82540334e-04   0.00000000e+00   0.00000000e+00   0.00000000e+00  
 1          60         6.81591164       1          1          3          -0.00000000e+00  6.09886631e-04   0.00000000e+00   0.00000000e+00   0.00000000e+00   0.00000000e+00   -6.09886631e-04  0.00000000e+00  
 1          61         7.15670722       1          1          1          -0.00000000e+00  6.23426274e-04   0.00000000e+00   0.00000000e+00   0.00000000e+00   0.00000000e+00   -6.23426274e-04  0.00000000e+00  
 1          61         7.15670722       1          1          2          -0.00000000e+00  -1.24685255e-03  0.00000000e+00   3.45952712e-04   9.00899835e-04   0.00000000e+00   0.00000000e+00   0.00000000e+00  
 1          61         7.15670722       1          1          3          -0.00000000e+00  6.23426274e-04   0.00000000e+00   0.00000000e+00   0.00000000e+00   0.00000000e+00   -6.23426274e-04  0.00000000e+00  
 1          62         7.51454258       1          1          1          -0.00000000e+00  6.37363652e-04   0.00000000e+00   0.00000000e+00   0.00000000e+00   0.00000000e+00   -6.37363652e-04  0.00000000e+00  
 1          62         7.51454258       1          1          2          -0.00000000e+00  -1.27472730e-03  0.00000000e+00   3.54993196e-04   9.19734108e-04   0.00000000e+00   0.00000000e+00   0.00000000e+00  
 1          62         7.51454258       1          1          3          -0.00000000e+00  6.37363652e-04   0.00000000e+00   0.00000000e+00   0.00000000e+00   0.00000000e+00   -6.37363652e-04  0.00000000e+00  
 1          63         7.89026971       1          1          1          -0.00000000e+00  6.51676735e-04   0.00000000e+00   0.00000000e+00   0.00000000e+00   0.00000000e+00   -6.51676735e-04  0.00000000e+00  
 1          63         7.89026971       1          1          2          -0.00000000e+00  -1.30335347e-03  0.00000000e+00   3.60922964e-04   9.42430506e-04   0.00000000e+00   0.00000000e+00   2.13866189e-19  
 1          63         7.89026971       1          1          3          -0.00000000e+00  6.51676735e-04   0.00000000e+00   0.00000000e+00   0.00000000e+00   0.00000000e+00   -6.51676735e-04  0.00000000e+00  
 1          64         8.28478320       1          1          1          -0.00000000e+00  6.66356714e-04   0.00000000e+00   0.00000000e+00   0.00000000e+00   0.00000000e+00   -6.66356714e-04  0.00000000e+00  
 1          64         8.28478320       1          1          2          -0.00000000e+00  -1.33271343e-03  0.00000000e+00   3.67942599e-04   9.64770829e-04   0.00000000e+00   0.00000000e+00   0.00000000e+00  
 1          64         8.28478320       1          1          3          -0.00000000e+00  6.66356714e-04   0.00000000e+00   0.00000000e+00   0.00000000e+00   0.00000000e+00   -6.66356714e-04  0.00000000e+00  
 1          65         8.69902236       1          1          1          -0.00000000e+00  6.81411599e-04   0.00000000e+00   0.00000000e+00   0.00000000e+00   0.00000000e+00   -6.81411599e-04  0.00000000e+00  
 1          65         8.69902236       1          1          2          -0.00000000e+00  -1.36282320e-03  0.00000000e+00   3.76403100e-04   9.86420098e-04   0.00000000e+00   0.00000000e+00   2.35787474e-19  
 1          65         8.69902236       1          1          3          -0.00000000e+00  6.81411599e-04   0.00000000e+00   0.00000000e+00   0.00000000e+00   0.00000000e+00   -6.81411599e-04  0.00000000e+00  
 1          66         9.13397348       1          1          1          -0.00000000e+00  6.96863108e-04   0.00000000e+00   0.00000000e+00   0.00000000e+00   0.00000000e+00   -6.96863108e-04  0.00000000e+00  
 1          66         9.13397348       1          1          2          -0.00000000e+00  -1.39372622e-03  0.00000000e+00   3.85563595e-04   1.00816262e-03   0.00000000e+00   0.00000000e+00   0.00000000e+00  
 1          66         9.13397348       1          1          3          -0.00000000e+00  6.96863108e-04   0.00000000e+00   0.00000000e+00   0.00000000e+00   0.00000000e+00   -6.96863108e-04  0.00000000e+00  
 1          67         9.59067215       1          1          1          -0.00000000e+00  7.12739802e-04   0.00000000e+00   0.00000000e+00   0.00000000e+00   0.00000000e+00   -7.12739802e-04  0.00000000e+00  
 1          67         9.59067215       1          1          2          -0.00000000e+00  -1.42547960e-03  0.00000000e+00   3.95257039e-04   1.03022257e-03   0.00000000e+00   0.00000000e+00   0.00000000e+00  
 1          67         9.59067215       1          1          3          -0.00000000e+00  7.12739802e-04   0.00000000e+00   0.00000000e+00   0.00000000e+00   0.00000000e+00   -7.12739802e-04  0.00000000e+00  
 1          68         10.07020576      1          1          1          -0.00000000e+00  7.29068866e-04   0.00000000e+00   0.00000000e+00   0.00000000e+00   0.00000000e+00   -7.29068866e-04  0.00000000e+00  
 1          68         10.07020576      1          1          2          -0.00000000e+00  -1.45813773e-03  0.00000000e+00   4.05411885e-04   1.05272585e-03   0.00000000e+00   0.00000000e+00   -2.72953474e-19 
 1          68         10.07020576      1          1          3          -0.00000000e+00  7.29068866e-04   0.00000000e+00   0.00000000e+00   0.00000000e+00   0.00000000e+00   -7.29068866e-04  0.00000000e+00  
 1          69         10.57371605      1          1          1          -0.00000000e+00  7.45868243e-04   0.00000000e+00   0.00000000e+00   0.00000000e+00   0.00000000e+00   -7.45868243e-04  0.00000000e+00  
 1          69         10.57371605      1          1          2          -0.00000000e+00  -1.49173649e-03  0.00000000e+00   4.15991790e-04   1.07574470e-03   0.00000000e+00   0.00000000e+00   2.86601148e-19  
 1          69         10.57371605      1          1          3          -0.00000000e+00  7.45868243e-04   0.00000000e+00   0.00000000e+00   0.00000000e+00   0.00000000e+00   -7.45868243e-04  0.00000000e+00  
 1          70         11.10240185      1          1          1          -0.00000000e+00  7.63140227e-04   0.00000000e+00   0.00000000e+00   0.00000000e+00   0.00000000e+00   -7.63140227e-04  0.00000000e+00  
 1          70         11.10240185      1          1          2          -0.00000000e+00  -1.52628045e-03  0.00000000e+00   4.26976999e-04   1.09930345e-03   0.00000000e+00   0.00000000e+00   3.00931205e-19  
 1          70         11.10240185      1          1          3          -0.00000000e+00  7.63140227e-04   0.00000000e+00   0.00000000e+00   0.00000000e+00   0.00000000e+00   -7.63140227e-04  0.00000000e+00  
 1          71         11.65752194      1          1          1          -0.00000000e+00  7.80875131e-04   0.00000000e+00   0.00000000e+00   0.00000000e+00   0.00000000e+00   -7.80875131e-04  0.00000000e+00  
 1          71         11.65752194      1          1          2          -0.00000000e+00  -1.56175026e-03  0.00000000e+00   4.35816804e-04   1.12593346e-03   0.00000000e+00   0.00000000e+00   0.00000000e+00  
 1          71         11.65752194      1          1          3          -0.00000000e+00  7.80875131e-04   0.00000000e+00   0.00000000e+00   0.00000000e+00   0.00000000e+00   -7.80875131e-04  0.00000000e+00  
 1          72         12.24039804      1          1          1          -0.00000000e+00  7.99065392e-04   0.00000000e+00   0.00000000e+00   0.00000000e+00   0.00000000e+00   -7.99065392e-04  0.00000000e+00  
 1          72         12.24039804      1          1          2          -0.00000000e+00  -1.59813078e-03  0.00000000e+00   4.44122530e-04   1.15400825e-03   0.00000000e+00   0.00000000e+00   0.00000000e+00  
 1          72         12.24039804      1          1          3          -0.00000000e+00  7.99065392e-04   0.00000000e+00   0.00000000e+00   0.00000000e+00   0.00000000e+00   -7.99065392e-04  0.00000000e+00  
 1          73         12.85241794      1          1          1          -0.00000000e+00  8.17715412e-04   0.00000000e+00   0.00000000e+00   0.00000000e+00   0.00000000e+00   -8.17715412e-04  0.00000000e+00  
 1          73         12.85241794      1          1          2          -0.00000000e+00  -1.63543082e-03  0.00000000e+00   4.54615924e-04   1.18081490e-03   0.00000000e+00   0.00000000e+00   3.48365486e-19  
 1          73         12.85241794      1          1          3          -0.00000000e+00  8.17715412e-04   0.00000000e+00   0.00000000e+00   0.00000000e+00   0.00000000e+00   -8.17715412e-04  0.00000000e+00  
 1          74         13.49503884      1          1          1          -0.00000000e+00  8.36843014e-04   0.00000000e+00   0.00000000e+00   0.00000000e+00   0.00000000e+00   -8.36843014e-04  0.00000000e+00  
 1          74         13.49503884      1          1          2          -0.00000000e+00  -1.67368603e-03  0.00000000e+00   4.65991466e-04   1.20769456e-03   0.00000000e+00   0.00000000e+00   0.00000000e+00  
 1          74         13.49503884      1          1          3          -0.00000000e+00  8.36843014e-04   0.00000000e+00   0.00000000e+00   0.00000000e+00   0.00000000e+00   -8.36843014e-04  0.00000000e+00  
 1          75         14.16979078      1          1          1          -0.00000000e+00  8.56473841e-04   0.00000000e+00   0.00000000e+00   0.00000000e+00   0.00000000e+00   -8.56473841e-04  0.00000000e+00  
 1          75         14.16979078      1          1          2          -0.00000000e+00  -1.71294768e-03  0.00000000e+00   4.78002185e-04   1.23494550e-03   0.00000000e+00   0.00000000e+00   -1.92036474e-19 
 1          75         14.16979078      1          1          3          -0.00000000e+00  8.56473841e-04   0.00000000e+00   0.00000000e+00   0.00000000e+00   0.00000000e+00   -8.56473841e-04  0.00000000e+00  
 1          76         14.87828032      1          1          1          -0.00000000e+00  8.76631934e-04   0.00000000e+00   0.00000000e+00   0.00000000e+00   0.00000000e+00   -8.76631934e-04  0.00000000e+00  
 1          76         14.87828032      1          1          2          -0.00000000e+00  -1.75326387e-03  0.00000000e+00   4.90552870e-04   1.26271100e-03   0.00000000e+00   0.00000000e+00   0.00000000e+00  
 1          76         14.87828032      1          1          3          -0.00000000e+00  8.76631934e-04   0.00000000e+00   0.00000000e+00   0.00000000e+00   0.00000000e+00   -8.76631934e-04  0.00000000e+00  
 1          77         15.62219433      1          1          1          -0.00000000e+00  8.97329695e-04   0.00000000e+00   0.00000000e+00   0.00000000e+00   0.00000000e+00   -8.97329695e-04  0.00000000e+00  
 1          77         15.62219433      1          1          2          -0.00000000e+00  -1.79465939e-03  0.00000000e+00   5.03599448e-04   1.29105994e-03   0.00000000e+00   0.00000000e+00   2.11720213e-19  
 1          77         15.62219433      1          1          3          -0.00000000e+00  8.97329695e-04   0.00000000e+00   0.00000000e+00   0.00000000e+00   0.00000000e+00   -8.97329695e-04  0.00000000e+00  
 1          78         16.40330405      1          1          1          -0.00000000e+00  9.18568204e-04   0.00000000e+00   0.00000000e+00   0.00000000e+00   0.00000000e+00   -9.18568204e-04  0.00000000e+00  
 1          78         16.40330405      1          1          2          -0.00000000e+00  -1.83713641e-03  0.00000000e+00   5.13731030e-04   1.32340538e-03   0.00000000e+00   0.00000000e+00   -2.22306224e-19 
 1          78         16.40330405      1          1          3          -0.00000000e+00  9.18568204e-04   0.00000000e+00   0.00000000e+00   0.00000000e+00   0.00000000e+00   -9.18568204e-04  0.00000000e+00  
 1          79         17.22346925      1          1          1          -0.00000000e+00  9.40347929e-04   0.00000000e+00   0.00000000e+00   0.00000000e+00   0.00000000e+00   -9.40347929e-04  0.00000000e+00  
 1          79         17.22346925      1          1          2          -0.00000000e+00  -1.88069586e-03  0.00000000e+00   5.24535634e-04   1.35616022e-03   0.00000000e+00   0.00000000e+00   0.00000000e+00  
 1          79         17.22346925      1          1          3          -0.00000000e+00  9.40347929e-04   0.00000000e+00   0.00000000e+00   0.00000000e+00   0.00000000e+00   -9.40347929e-04  0.00000000e+00  
 1          80         18.08464272      1          1          1          -0.00000000e+00  9.62678168e-04   0.00000000e+00   0.00000000e+00   0.00000000e+00   0.00000000e+00   -9.62678168e-04  0.00000000e+00  
 1          80         18.08464272      1          1          2          -0.00000000e+00  -1.92535634e-03  0.00000000e+00   5.37445092e-04   1.38791124e-03   0.00000000e+00   0.00000000e+00   2.45092612e-19  
 1          80         18.08464272      1          1          3          -0.00000000e+00  9.62678168e-04   0.00000000e+00   0.00000000e+00   0.00000000e+00   0.00000000e+00   -9.62678168e-04  0.00000000e+00  
 1          81         18.98887485      1          1          1          -0.00000000e+00  9.85578633e-04   0.00000000e+00   0.00000000e+00   0.00000000e+00   0.00000000e+00   -9.85578633e-04  0.00000000e+00  
 1          81         18.98887485      1          1          2          -0.00000000e+00  -1.97115727e-03  0.00000000e+00   5.51273257e-04   1.41988401e-03   0.00000000e+00   0.00000000e+00   0.00000000e+00  
 1          81         18.98887485      1          1          3          -0.00000000e+00  9.85578633e-04   0.00000000e+00   0.00000000e+00   0.00000000e+00   0.00000000e+00   -9.85578633e-04  0.00000000e+00  
 1          82         19.93831860      1          1          1          -0.00000000e+00  1.00907305e-03   0.00000000e+00   0.00000000e+00   0.00000000e+00   0.00000000e+00   -1.00907305e-03  0.00000000e+00  
 1          82         19.93831860      1          1          2          -0.00000000e+00  -2.01814611e-03  0.00000000e+00   5.65783801e-04   1.45236231e-03   0.00000000e+00   0.00000000e+00   2.70214604e-19  
 1          82         19.93831860      1          1          3          -0.00000000e+00  1.00907305e-03   0.00000000e+00   0.00000000e+00   0.00000000e+00   0.00000000e+00   -1.00907305e-03  0.00000000e+00  
 1          83         20.93523452      1          1          1          -0.00000000e+00  1.03317831e-03   0.00000000e+00   0.00000000e+00   0.00000000e+00   0.00000000e+00   -1.03317831e-03  0.00000000e+00  
 1          83         20.93523452      1          1          2          -0.00000000e+00  -2.06635663e-03  0.00000000e+00   5.80889020e-04   1.48546761e-03   0.00000000e+00   0.00000000e+00   2.83725334e-19  
 1          83         20.93523452      1          1          3          -0.00000000e+00  1.03317831e-03   0.00000000e+00   0.00000000e+00   0.00000000e+00   0.00000000e+00   -1.03317831e-03  0.00000000e+00  
 1          84         21.98199625      1          1          1          -0.00000000e+00  1.05790241e-03   0.00000000e+00   0.00000000e+00   0.00000000e+00   0.00000000e+00   -1.05790241e-03  0.00000000e+00  
 1          84         21.98199625      1          1          2          -0.00000000e+00  -2.11580482e-03  0.00000000e+00   5.92381418e-04   1.52342340e-03   0.00000000e+00   0.00000000e+00   0.00000000e+00  
 1          84         21.98199625      1          1          3          -0.00000000e+00  1.05790241e-03   0.00000000e+00   0.00000000e+00   0.00000000e+00   0.00000000e+00   -1.05790241e-03  0.00000000e+00  
 1          85         23.08109606      1          1          1          -0.00000000e+00  1.08325242e-03   0.00000000e+00   0.00000000e+00   0.00000000e+00   0.00000000e+00   -1.08325242e-03  0.00000000e+00  
 1          85         23.08109606      1          1          2          -0.00000000e+00  -2.16650484e-03  0.00000000e+00   6.05728470e-04   1.56077637e-03   0.00000000e+00   0.00000000e+00   0.00000000e+00  
 1          85         23.08109606      1          1          3          -0.00000000e+00  1.08325242e-03   0.00000000e+00   0.00000000e+00   0.00000000e+00   0.00000000e+00   -1.08325242e-03  0.00000000e+00  
 1          86         24.23515087      1          1          1          -0.00000000e+00  1.10924242e-03   0.00000000e+00   0.00000000e+00   0.00000000e+00   0.00000000e+00   -1.10924242e-03  0.00000000e+00  
 1          86         24.23515087      1          1          2          -0.00000000e+00  -2.21848485e-03  0.00000000e+00   6.21055015e-04   1.59742983e-03   0.00000000e+00   0.00000000e+00   3.28447540e-19  
 1          86         24.23515087      1          1          3          -0.00000000e+00  1.10924242e-03   0.00000000e+00   0.00000000e+00   0.00000000e+00   0.00000000e+00   -1.10924242e-03  0.00000000e+00  
 1          87         25.44690841      1          1          1          -0.00000000e+00  1.13589378e-03   0.00000000e+00   0.00000000e+00   0.00000000e+00   0.00000000e+00   -1.13589378e-03  0.00000000e+00  
 1          87         25.44690841      1          1          2          -0.00000000e+00  -2.27178757e-03  0.00000000e+00   6.37324357e-04   1.63446321e-03   0.00000000e+00   0.00000000e+00   0.00000000e+00  
 1          87         25.44690841      1          1          3          -0.00000000e+00  1.13589378e-03   0.00000000e+00   0.00000000e+00   0.00000000e+00   0.00000000e+00   -1.13589378e-03  0.00000000e+00  
 1          88         26.71925383      1          1          1          -0.00000000e+00  1.16322725e-03   0.00000000e+00   0.00000000e+00   0.00000000e+00   0.00000000e+00   -1.16322725e-03  0.00000000e+00  
 1          88         26.71925383      1          1          2          -0.00000000e+00  -2.32645451e-03  0.00000000e+00   6.54321813e-04   1.67213270e-03   0.00000000e+00   0.00000000e+00   3.62113413e-19  
 1          88         26.71925383      1          1          3          -0.00000000e+00  1.16322725e-03   0.00000000e+00   0.00000000e+00   0.00000000e+00   0.00000000e+00   -1.16322725e-03  0.00000000e+00  
 1          89         28.05521652      1          1          1          -0.00000000e+00  1.19125715e-03   0.00000000e+00   0.00000000e+00   0.00000000e+00   0.00000000e+00   -1.19125715e-03  0.00000000e+00  
 1          89         28.05521652      1          1          2          -0.00000000e+00  -2.38251431e-03  0.00000000e+00   6.68542397e-04   1.71397191e-03   0.00000000e+00   0.00000000e+00   3.80219084e-19  
 1          89         28.05521652      1          1          3          -0.00000000e+00  1.19125715e-03   0.00000000e+00   0.00000000e+00   0.00000000e+00   0.00000000e+00   -1.19125715e-03  0.00000000e+00  
 1          90         29.45797735      1          1          1          -0.00000000e+00  1.21999523e-03   0.00000000e+00   0.00000000e+00   0.00000000e+00   0.00000000e+00   -1.21999523e-03  0.00000000e+00  
 1          90         29.45797735      1          1          2          -0.00000000e+00  -2.43999046e-03  0.00000000e+00   6.83329958e-04   1.75666050e-03   0.00000000e+00   0.00000000e+00   0.00000000e+00  
 1          90         29.45797735      1          1          3          -0.00000000e+00  1.21999523e-03   0.00000000e+00   0.00000000e+00   0.00000000e+00   0.00000000e+00   -1.21999523e-03  0.00000000e+00  
 1          91         30.93087622      1          1          1          -0.00000000e+00  1.24945747e-03   0.00000000e+00   0.00000000e+00   0.00000000e+00   0.00000000e+00   -1.24945747e-03  0.00000000e+00  
 1          91         30.93087622      1          1          2          -0.00000000e+00  -2.49891494e-03  0.00000000e+00   7.00727893e-04   1.79818705e-03   0.00000000e+00   0.00000000e+00   0.00000000e+00  
 1          91         30.93087622      1          1          3          -0.00000000e+00  1.24945747e-03   0.00000000e+00   0.00000000e+00   0.00000000e+00   0.00000000e+00   -1.24945747e-03  0.00000000e+00  
 1          92         32.47742003      1          1          1          -0.00000000e+00  1.27966500e-03   0.00000000e+00   0.00000000e+00   0.00000000e+00   0.00000000e+00   -1.27966500e-03  0.00000000e+00  
 1          92         32.47742003      1          1          2          -0.00000000e+00  -2.55932999e-03  0.00000000e+00   7.19204359e-04   1.84012564e-03   0.00000000e+00   0.00000000e+00   -4.40151117e-19 
 1          92         32.47742003      1          1          3          -0.00000000e+00  1.27966500e-03   0.00000000e+00   0.00000000e+00   0.00000000e+00   0.00000000e+00   -1.27966500e-03  0.00000000e+00  
 1          93         34.10129103      1          1          1          -0.00000000e+00  1.31063653e-03   0.00000000e+00   0.00000000e+00   0.00000000e+00   0.00000000e+00   -1.31063653e-03  0.00000000e+00  
 1          93         34.10129103      1          1          2          -0.00000000e+00  -2.62127306e-03  0.00000000e+00   7.38329252e-04   1.88294381e-03   0.00000000e+00   0.00000000e+00   0.00000000e+00  
 1          93         34.10129103      1          1          3          -0.00000000e+00  1.31063653e-03   0.00000000e+00   0.00000000e+00   0.00000000e+00   0.00000000e+00   -1.31063653e-03  0.00000000e+00  
 1          94         35.80635558      1          1          1          -0.00000000e+00  1.34238684e-03   0.00000000e+00   0.00000000e+00   0.00000000e+00   0.00000000e+00   -1.34238684e-03  0.00000000e+00  
 1          94         35.80635558      1          1          2          -0.00000000e+00  -2.68477368e-03  0.00000000e+00   7.52525365e-04   1.93224831e-03   0.00000000e+00   0.00000000e+00   0.00000000e+00  
 1          94         35.80635558      1          1          3          -0.00000000e+00  1.34238684e-03   0.00000000e+00   0.00000000e+00   0.00000000e+00   0.00000000e+00   -1.34238684e-03  0.00000000e+00  
 1          95         37.59667336      1          1          1          -0.00000000e+00  1.37493236e-03   0.00000000e+00   0.00000000e+00   0.00000000e+00   0.00000000e+00   -1.37493236e-03  0.00000000e+00  
 1          95         37.59667336      1          1          2          -0.00000000e+00  -2.74986473e-03  0.00000000e+00   7.71368876e-04   1.97849585e-03   0.00000000e+00   0.00000000e+00   0.00000000e+00  
 1          95         37.59667336      1          1          3          -0.00000000e+00  1.37493236e-03   0.00000000e+00   0.00000000e+00   0.00000000e+00   0.00000000e+00   -1.37493236e-03  0.00000000e+00  
 1          96         39.47650703      1          1          1          -0.00000000e+00  1.40829498e-03   0.00000000e+00   0.00000000e+00   0.00000000e+00   0.00000000e+00   -1.40829498e-03  0.00000000e+00  
 1          96         39.47650703      1          1          2          -0.00000000e+00  -2.81658997e-03  0.00000000e+00   7.91618994e-04   2.02497097e-03   0.00000000e+00   0.00000000e+00   -5.35006434e-19 
 1          96         39.47650703      1          1          3          -0.00000000e+00  1.40829498e-03   0.00000000e+00   0.00000000e+00   0.00000000e+00   0.00000000e+00   -1.40829498e-03  0.00000000e+00  
 1          97         41.45033238      1          1          1          -0.00000000e+00  1.44249703e-03   0.00000000e+00   0.00000000e+00   0.00000000e+00   0.00000000e+00   -1.44249703e-03  0.00000000e+00  
 1          97         41.45033238      1          1          2          -0.00000000e+00  -2.88499407e-03  0.00000000e+00   8.12817080e-04   2.07217699e-03   0.00000000e+00   0.00000000e+00   0.00000000e+00  
 1          97         41.45033238      1          1          3          -0.00000000e+00  1.44249703e-03   0.00000000e+00   0.00000000e+00   0.00000000e+00   0.00000000e+00   -1.44249703e-03  0.00000000e+00  
 1          98         43.52284900      1          1          1          -0.00000000e+00  1.47755809e-03   0.00000000e+00   0.00000000e+00   0.00000000e+00   0.00000000e+00   -1.47755809e-03  0.00000000e+00  
 1          98         43.52284900      1          1          2          -0.00000000e+00  -2.95511619e-03  0.00000000e+00   8.29349766e-04   2.12576642e-03   0.00000000e+00   0.00000000e+00   0.00000000e+00  
 1          98         43.52284900      1          1          3          -0.00000000e+00  1.47755809e-03   0.00000000e+00   0.00000000e+00   0.00000000e+00   0.00000000e+00   -1.47755809e-03  0.00000000e+00  
 1          99         45.69899145      1          1          1          -0.00000000e+00  1.51349823e-03   0.00000000e+00   0.00000000e+00   0.00000000e+00   0.00000000e+00   -1.51349823e-03  0.00000000e+00  
 1          99         45.69899145      1          1          2          -0.00000000e+00  -3.02699647e-03  0.00000000e+00   8.49871209e-04   2.17712526e-03   0.00000000e+00   0.00000000e+00   6.19336823e-19  
 1          99         45.69899145      1          1          3          -0.00000000e+00  1.51349823e-03   0.00000000e+00   0.00000000e+00   0.00000000e+00   0.00000000e+00   -1.51349823e-03  0.00000000e+00  
 1          100        47.98394102      1          1          1          -0.00000000e+00  1.55034073e-03   0.00000000e+00   0.00000000e+00   0.00000000e+00   0.00000000e+00   -1.55034073e-03  0.00000000e+00  
 1          100        47.98394102      1          1          2          -0.00000000e+00  -3.10068145e-03  0.00000000e+00   8.72225648e-04   2.22845580e-03   0.00000000e+00   0.00000000e+00   0.00000000e+00  
 1          100        47.98394102      1          1          3          -0.00000000e+00  1.55034073e-03   0.00000000e+00   0.00000000e+00   0.00000000e+00   0.00000000e+00   -1.55034073e-03  0.00000000e+00  
