 IPER  ISTEP  TLEN  ILYR  IROW  ICOL  DISP  COM  TOTGL  EST
 1          1          0.38313807       1          1          1          0                0                2000             1000            
 1          1          0.38313807       1          1          2          0.00063422573    0.00063422573    2000             1000            
 1          1          0.38313807       1          1          3          0                0                2000             1000            
 1          2          0.78543304       1          1          1          0                0                2000             1000            
 1          2          0.78543304       1          1          2          0.0010355357     0.0010355357     2000             1000            
 1          2          0.78543304       1          1          3          0                0                2000             1000            
 1          3          1.2078428        1          1          1          0                0                2000             1000            
 1          3          1.2078428        1          1          2          0.0014533084     0.0014533084     2000             1000            
 1          3          1.2078428        1          1          3          0                0                2000             1000            
 1          4          1.651373         1          1          1          0                0                2000             1000            
 1          4          1.651373         1          1          2          0.0018871054     0.0018871054     2000             1000            
 1          4          1.651373         1          1          3          0                0                2000             1000            
 1          5          2.1170797        1          1          1          0                0                2000             1000            
 1          5          2.1170797        1          1          2          0.0023366803     0.0023366803     2000             1000            
 1          5          2.1170797        1          1          3          0                0                2000             1000            
 1          6          2.6060717        1          1          1          0                0                2000             1000            
 1          6          2.6060717        1          1          2          0.0028018523     0.0028018523     2000             1000            
 1          6          2.6060717        1          1          3          0                0                2000             1000            
 1          7          3.1195134        1          1          1          0                0                2000             1000            
 1          7          3.1195134        1          1          2          0.0032824532     0.0032824532     2000             1000            
 1          7          3.1195134        1          1          3          0                0                2000             1000            
 1          8          3.6586271        1          1          1          0                0                2000             1000            
 1          8          3.6586271        1          1          2          0.0037783008     0.0037783008     2000             1000            
 1          8          3.6586271        1          1          3          0                0                2000             1000            
 1          9          4.2246966        1          1          1          0                0                2000             1000            
 1          9          4.2246966        1          1          2          0.0042891818     0.0042891818     2000             1000            
 1          9          4.2246966        1          1          3          0                0                2000             1000            
 1          10         4.8190695        1          1          1          0                0                2000             1000            
 1          10         4.8190695        1          1          2          0.004814841      0.004814841      2000             1000            
 1          10         4.8190695        1          1          3          0                0                2000             1000            
 1          11         5.443161         1          1          1          0                0                2000             1000            
 1          11         5.443161         1          1          2          0.0053549729     0.0053549729     2000             1000            
 1          11         5.443161         1          1          3          0                0                2000             1000            
 1          12         6.0984571        1          1          1          0                0                2000             1000            
 1          12         6.0984571        1          1          2          0.0059092145     0.0059092145     2000             1000            
 1          12         6.0984571        1          1          3          0                0                2000             1000            
 1          13         6.7865181        1          1          1          0                0                2000             1000            
 1          13         6.7865181        1          1          2          0.0064771403     0.0064771403     2000             1000            
 1          13         6.7865181        1          1          3          0                0                2000             1000            
 1          14         7.508982         1          1          1          0                0                2000             1000            
 1          14         7.508982         1          1          2          0.0070582579     0.0070582579     2000             1000            
 1          14         7.508982         1          1          3          0                0                2000             1000            
 1          15         8.2675692        1          1          1          0                0                2000             1000            
 1          15         8.2675692        1          1          2          0.0076520044     0.0076520044     2000             1000            
 1          15         8.2675692        1          1          3          0                0                2000             1000            
 1          16         9.0640857        1          1          1          0                0                2000             1000            
 1          16         9.0640857        1          1          2          0.0082577433     0.0082577433     2000             1000            
 1          16         9.0640857        1          1          3          0                0                2000             1000            
 1          17         9.9004281        1          1          1          0                0                2000             1000            
 1          17         9.9004281        1          1          2          0.0088747633     0.0088747633     2000             1000            
 1          17         9.9004281        1          1          3          0                0                2000             1000            
 1          18         10.778588        1          1          1          0                0                2000             1000            
 1          18         10.778588        1          1          2          0.0095022767     0.0095022767     2000             1000            
 1          18         10.778588        1          1          3          0                0                2000             1000            
 1          19         11.700655        1          1          1          0                0                2000             1000            
 1          19         11.700655        1          1          2          0.01013942       0.01013942       2000             1000            
 1          19         11.700655        1          1          3          0                0                2000             1000            
 1          20         12.668826        1          1          1          0                0                2000             1000            
 1          20         12.668826        1          1          2          0.010785253      0.010785253      2000             1000            
 1          20         12.668826        1          1          3          0                0                2000             1000            
 1          21         13.685405        1          1          1          0                0                2000             1000            
 1          21         13.685405        1          1          2          0.011439587      0.011439587      2000             1000            
 1          21         13.685405        1          1          3          0                0                2000             1000            
 1          22         14.752814        1          1          1          0                0                2000             1000            
 1          22         14.752814        1          1          2          0.012102268      0.012102268      2000             1000            
 1          22         14.752814        1          1          3          0                0                2000             1000            
 1          23         15.873592        1          1          1          0                0                2000             1000            
 1          23         15.873592        1          1          2          0.012773186      0.012773186      2000             1000            
 1          23         15.873592        1          1          3          0                0                2000             1000            
 1          24         17.05041         1          1          1          0                0                2000             1000            
 1          24         17.05041         1          1          2          0.013452271      0.013452271      2000             1000            
 1          24         17.05041         1          1          3          0                0                2000             1000            
 1          25         18.286069        1          1          1          0                0                2000             1000            
 1          25         18.286069        1          1          2          0.014139501      0.014139501      2000             1000            
 1          25         18.286069        1          1          3          0                0                2000             1000            
 1          26         19.58351         1          1          1          0                0                2000             1000            
 1          26         19.58351         1          1          2          0.014834908      0.014834908      2000             1000            
 1          26         19.58351         1          1          3          0                0                2000             1000            
 1          27         20.945824        1          1          1          0                0                2000             1000            
 1          27         20.945824        1          1          2          0.015538571      0.015538571      2000             1000            
 1          27         20.945824        1          1          3          0                0                2000             1000            
 1          28         22.376253        1          1          1          0                0                2000             1000            
 1          28         22.376253        1          1          2          0.016250623      0.016250623      2000             1000            
 1          28         22.376253        1          1          3          0                0                2000             1000            
 1          29         23.878204        1          1          1          0                0                2000             1000            
 1          29         23.878204        1          1          2          0.016971249      0.016971249      2000             1000            
 1          29         23.878204        1          1          3          0                0                2000             1000            
 1          30         25.455252        1          1          1          0                0                2000             1000            
 1          30         25.455252        1          1          2          0.017700678      0.017700678      2000             1000            
 1          30         25.455252        1          1          3          0                0                2000             1000            
 1          31         27.111152        1          1          1          0                0                2000             1000            
 1          31         27.111152        1          1          2          0.018439183      0.018439183      2000             1000            
 1          31         27.111152        1          1          3          0                0                2000             1000            
 1          32         28.849848        1          1          1          0                0                2000             1000            
 1          32         28.849848        1          1          2          0.01918707       0.01918707       2000             1000            
 1          32         28.849848        1          1          3          0                0                2000             1000            
 1          33         30.675479        1          1          1          0                0                2000             1000            
 1          33         30.675479        1          1          2          0.019944673      0.019944673      2000             1000            
 1          33         30.675479        1          1          3          0                0                2000             1000            
 1          34         32.592391        1          1          1          0                0                2000             1000            
 1          34         32.592391        1          1          2          0.020712338      0.020712338      2000             1000            
 1          34         32.592391        1          1          3          0                0                2000             1000            
 1          35         34.605148        1          1          1          0                0                2000             1000            
 1          35         34.605148        1          1          2          0.021490419      0.021490419      2000             1000            
 1          35         34.605148        1          1          3          0                0                2000             1000            
 1          36         36.718544        1          1          1          0                0                2000             1000            
 1          36         36.718544        1          1          2          0.022279254      0.022279254      2000             1000            
 1          36         36.718544        1          1          3          0                0                2000             1000            
 1          37         38.937609        1          1          1          0                0                2000             1000            
 1          37         38.937609        1          1          2          0.023079159      0.023079159      2000             1000            
 1          37         38.937609        1          1          3          0                0                2000             1000            
 1          38         41.267627        1          1          1          0                0                2000             1000            
 1          38         41.267627        1          1          2          0.023890408      0.023890408      2000             1000            
 1          38         41.267627        1          1          3          0                0                2000             1000            
 1          39         43.714147        1          1          1          0                0                2000             1000            
 1          39         43.714147        1          1          2          0.02471328       0.02471328       2000             1000            
 1          39         43.714147        1          1          3          0                0                2000             1000            
 1          40         46.282992        1          1          1          0                0                2000             1000            
 1          40         46.282992        1          1          2          0.025548149      0.025548149      2000             1000            
 1          40         46.282992        1          1          3          0                0                2000             1000            
 1          41         48.98028         1          1          1          0                0                2000             1000            
 1          41         48.98028         1          1          2          0.026395479      0.026395479      2000             1000            
 1          41         48.98028         1          1          3          0                0                2000             1000            
 1          42         51.812432        1          1          1          0                0                2000             1000            
 1          42         51.812432        1          1          2          0.027255822      0.027255822      2000             1000            
 1          42         51.812432        1          1          3          0                0                2000             1000            
 1          43         54.786192        1          1          1          0                0                2000             1000            
 1          43         54.786192        1          1          2          0.02812981       0.02812981       2000             1000            
 1          43         54.786192        1          1          3          0                0                2000             1000            
 1          44         57.908639        1          1          1          0                0                2000             1000            
 1          44         57.908639        1          1          2          0.029018146      0.029018146      2000             1000            
 1          44         57.908639        1          1          3          0                0                2000             1000            
 1          45         61.187209        1          1          1          0                0                2000             1000            
 1          45         61.187209        1          1          2          0.029921593      0.029921593      2000             1000            
 1          45         61.187209        1          1          3          0                0                2000             1000            
 1          46         64.629708        1          1          1          0                0                2000             1000            
 1          46         64.629708        1          1          2          0.030840953      0.030840953      2000             1000            
 1          46         64.629708        1          1          3          0                0                2000             1000            
 1          47         68.244331        1          1          1          0                0                2000             1000            
 1          47         68.244331        1          1          2          0.031777054      0.031777054      2000             1000            
 1          47         68.244331        1          1          3          0                0                2000             1000            
 1          48         72.039686        1          1          1          0                0                2000             1000            
 1          48         72.039686        1          1          2          0.032730731      0.032730731      2000             1000            
 1          48         72.039686        1          1          3          0                0                2000             1000            
 1          49         76.024808        1          1          1          0                0                2000             1000            
 1          49         76.024808        1          1          2          0.0337028        0.0337028        2000             1000            
 1          49         76.024808        1          1          3          0                0                2000             1000            
 1          50         80.209187        1          1          1          0                0                2000             1000            
 1          50         80.209187        1          1          2          0.034694038      0.034694038      2000             1000            
 1          50         80.209187        1          1          3          0                0                2000             1000            
 1          51         84.602784        1          1          1          0                0                2000             1000            
 1          51         84.602784        1          1          2          0.035705161      0.035705161      2000             1000            
 1          51         84.602784        1          1          3          0                0                2000             1000            
 1          52         89.216062        1          1          1          0                0                2000             1000            
 1          52         89.216062        1          1          2          0.0367368        0.0367368        2000             1000            
 1          52         89.216062        1          1          3          0                0                2000             1000            
 1          53         94.060003        1          1          1          0                0                2000             1000            
 1          53         94.060003        1          1          2          0.037789548      0.037789548      2000             1000            
 1          53         94.060003        1          1          3          0                0                2000             1000            
 1          54         99.146141        1          1          1          0                0                2000             1000            
 1          54         99.146141        1          1          2          0.038864005      0.038864005      2000             1000            
 1          54         99.146141        1          1          3          0                0                2000             1000            
 1          55         104.48659        1          1          1          0                0                2000             1000            
 1          55         104.48659        1          1          2          0.0399608        0.0399608        2000             1000            
 1          55         104.48659        1          1          3          0                0                2000             1000            
 1          56         110.09405        1          1          1          0                0                2000             1000            
 1          56         110.09405        1          1          2          0.04108062       0.04108062       2000             1000            
 1          56         110.09405        1          1          3          0                0                2000             1000            
 1          57         115.98189        1          1          1          0                0                2000             1000            
 1          57         115.98189        1          1          2          0.042224203      0.042224203      2000             1000            
 1          57         115.98189        1          1          3          0                0                2000             1000            
 1          58         122.16413        1          1          1          0                0                2000             1000            
 1          58         122.16413        1          1          2          0.043392344      0.043392344      2000             1000            
 1          58         122.16413        1          1          3          0                0                2000             1000            
 1          59         128.65547        1          1          1          0                0                2000             1000            
 1          59         128.65547        1          1          2          0.044585877      0.044585877      2000             1000            
 1          59         128.65547        1          1          3          0                0                2000             1000            
 1          60         135.47138        1          1          1          0                0                2000             1000            
 1          60         135.47138        1          1          2          0.04580565       0.04580565       2000             1000            
 1          60         135.47138        1          1          3          0                0                2000             1000            
 1          61         142.62809        1          1          1          0                0                2000             1000            
 1          61         142.62809        1          1          2          0.047052503      0.047052503      2000             1000            
 1          61         142.62809        1          1          3          0                0                2000             1000            
 1          62         150.14263        1          1          1          0                0                2000             1000            
 1          62         150.14263        1          1          2          0.04832723       0.04832723       2000             1000            
 1          62         150.14263        1          1          3          0                0                2000             1000            
 1          63         158.0329         1          1          1          0                0                2000             1000            
 1          63         158.0329         1          1          2          0.049630583      0.049630583      2000             1000            
 1          63         158.0329         1          1          3          0                0                2000             1000            
 1          64         166.31769        1          1          1          0                0                2000             1000            
 1          64         166.31769        1          1          2          0.050963297      0.050963297      2000             1000            
 1          64         166.31769        1          1          3          0                0                2000             1000            
 1          65         175.01671        1          1          1          0                0                2000             1000            
 1          65         175.01671        1          1          2          0.05232612       0.05232612       2000             1000            
 1          65         175.01671        1          1          3          0                0                2000             1000            
 1          66         184.15068        1          1          1          0                0                2000             1000            
 1          66         184.15068        1          1          2          0.053719846      0.053719846      2000             1000            
 1          66         184.15068        1          1          3          0                0                2000             1000            
 1          67         193.74135        1          1          1          0                0                2000             1000            
 1          67         193.74135        1          1          2          0.055145326      0.055145326      2000             1000            
 1          67         193.74135        1          1          3          0                0                2000             1000            
 1          68         203.81156        1          1          1          0                0                2000             1000            
 1          68         203.81156        1          1          2          0.056603464      0.056603464      2000             1000            
 1          68         203.81156        1          1          3          0                0                2000             1000            
 1          69         214.38528        1          1          1          0                0                2000             1000            
 1          69         214.38528        1          1          2          0.0580952        0.0580952        2000             1000            
 1          69         214.38528        1          1          3          0                0                2000             1000            
 1          70         225.48768        1          1          1          0                0                2000             1000            
 1          70         225.48768        1          1          2          0.05962148       0.05962148       2000             1000            
 1          70         225.48768        1          1          3          0                0                2000             1000            
 1          71         237.1452         1          1          1          0                0                2000             1000            
 1          71         237.1452         1          1          2          0.061183231      0.061183231      2000             1000            
 1          71         237.1452         1          1          3          0                0                2000             1000            
 1          72         249.3856         1          1          1          0                0                2000             1000            
 1          72         249.3856         1          1          2          0.062781362      0.062781362      2000             1000            
 1          72         249.3856         1          1          3          0                0                2000             1000            
 1          73         262.23802        1          1          1          0                0                2000             1000            
 1          73         262.23802        1          1          2          0.064416792      0.064416792      2000             1000            
 1          73         262.23802        1          1          3          0                0                2000             1000            
 1          74         275.73305        1          1          1          0                0                2000             1000            
 1          74         275.73305        1          1          2          0.066090478      0.066090478      2000             1000            
 1          74         275.73305        1          1          3          0                0                2000             1000            
 1          75         289.90284        1          1          1          0                0                2000             1000            
 1          75         289.90284        1          1          2          0.067803426      0.067803426      2000             1000            
 1          75         289.90284        1          1          3          0                0                2000             1000            
 1          76         304.78113        1          1          1          0                0                2000             1000            
 1          76         304.78113        1          1          2          0.06955669       0.06955669       2000             1000            
 1          76         304.78113        1          1          3          0                0                2000             1000            
 1          77         320.40332        1          1          1          0                0                2000             1000            
 1          77         320.40332        1          1          2          0.071351349      0.071351349      2000             1000            
 1          77         320.40332        1          1          3          0                0                2000             1000            
 1          78         336.80662        1          1          1          0                0                2000             1000            
 1          78         336.80662        1          1          2          0.073188486      0.073188486      2000             1000            
 1          78         336.80662        1          1          3          0                0                2000             1000            
 1          79         354.03009        1          1          1          0                0                2000             1000            
 1          79         354.03009        1          1          2          0.075069182      0.075069182      2000             1000            
 1          79         354.03009        1          1          3          0                0                2000             1000            
 1          80         372.11474        1          1          1          0                0                2000             1000            
 1          80         372.11474        1          1          2          0.076994538      0.076994538      2000             1000            
 1          80         372.11474        1          1          3          0                0                2000             1000            
 1          81         391.10361        1          1          1          0                0                2000             1000            
 1          81         391.10361        1          1          2          0.078965695      0.078965695      2000             1000            
 1          81         391.10361        1          1          3          0                0                2000             1000            
 1          82         411.04193        1          1          1          0                0                2000             1000            
 1          82         411.04193        1          1          2          0.080983841      0.080983841      2000             1000            
 1          82         411.04193        1          1          3          0                0                2000             1000            
 1          83         431.97716        1          1          1          0                0                2000             1000            
 1          83         431.97716        1          1          2          0.083050198      0.083050198      2000             1000            
 1          83         431.97716        1          1          3          0                0                2000             1000            
 1          84         453.95916        1          1          1          0                0                2000             1000            
 1          84         453.95916        1          1          2          0.085166003      0.085166003      2000             1000            
 1          84         453.95916        1          1          3          0                0                2000             1000            
 1          85         477.04026        1          1          1          0                0                2000             1000            
 1          85         477.04026        1          1          2          0.087332508      0.087332508      2000             1000            
 1          85         477.04026        1          1          3          0                0                2000             1000            
 1          86         501.27541        1          1          1          0                0                2000             1000            
 1          86         501.27541        1          1          2          0.089550992      0.089550992      2000             1000            
 1          86         501.27541        1          1          3          0                0                2000             1000            
 1          87         526.72232        1          1          1          0                0                2000             1000            
 1          87         526.72232        1          1          2          0.09182278       0.09182278       2000             1000            
 1          87         526.72232        1          1          3          0                0                2000             1000            
 1          88         553.44157        1          1          1          0                0                2000             1000            
 1          88         553.44157        1          1          2          0.094149234      0.094149234      2000             1000            
 1          88         553.44157        1          1          3          0                0                2000             1000            
 1          89         581.49679        1          1          1          0                0                2000             1000            
 1          89         581.49679        1          1          2          0.096531749      0.096531749      2000             1000            
 1          89         581.49679        1          1          3          0                0                2000             1000            
 1          90         610.95476        1          1          1          0                0                2000             1000            
 1          90         610.95476        1          1          2          0.098971739      0.098971739      2000             1000            
 1          90         610.95476        1          1          3          0                0                2000             1000            
 1          91         641.88564        1          1          1          0                0                2000             1000            
 1          91         641.88564        1          1          2          0.10147065       0.10147065       2000             1000            
 1          91         641.88564        1          1          3          0                0                2000             1000            
 1          92         674.36306        1          1          1          0                0                2000             1000            
 1          92         674.36306        1          1          2          0.10402998       0.10402998       2000             1000            
 1          92         674.36306        1          1          3          0                0                2000             1000            
 1          93         708.46435        1          1          1          0                0                2000             1000            
 1          93         708.46435        1          1          2          0.10665126       0.10665126       2000             1000            
 1          93         708.46435        1          1          3          0                0                2000             1000            
 1          94         744.27071        1          1          1          0                0                2000             1000            
 1          94         744.27071        1          1          2          0.10933603       0.10933603       2000             1000            
 1          94         744.27071        1          1          3          0                0                2000             1000            
 1          95         781.86738        1          1          1          0                0                2000             1000            
 1          95         781.86738        1          1          2          0.1120859        0.1120859        2000             1000            
 1          95         781.86738        1          1          3          0                0                2000             1000            
 1          96         821.34389        1          1          1          0                0                2000             1000            
 1          96         821.34389        1          1          2          0.11490249       0.11490249       2000             1000            
 1          96         821.34389        1          1          3          0                0                2000             1000            
 1          97         862.79422        1          1          1          0                0                2000             1000            
 1          97         862.79422        1          1          2          0.11778748       0.11778748       2000             1000            
 1          97         862.79422        1          1          3          0                0                2000             1000            
 1          98         906.31707        1          1          1          0                0                2000             1000            
 1          98         906.31707        1          1          2          0.1207426        0.1207426        2000             1000            
 1          98         906.31707        1          1          3          0                0                2000             1000            
 1          99         952.01606        1          1          1          0                0                2000             1000            
 1          99         952.01606        1          1          2          0.12376959       0.12376959       2000             1000            
 1          99         952.01606        1          1          3          0                0                2000             1000            
 1          100        1000             1          1          1          0                0                2000             1000            
 1          100        1000             1          1          2          0.12687027       0.12687027       2000             1000            
 1          100        1000             1          1          3          0                0                2000             1000            
