 IPER  ISTEP           DLEN           ILYR    IROW   ICOL                     STA                     FBC                     CST                     IBE                     IBV                     WST                     CNH                     ABER
 1          1          0.38313807       1          1          1          -0.00000000e+00  2.00513024e-02   0.00000000e+00   0.00000000e+00   0.00000000e+00   0.00000000e+00   -2.00513024e-02  0.00000000e+00  
 1          1          0.38313807       1          1          2          -0.00000000e+00  -4.01026048e-02  0.00000000e+00   1.23060265e-02   2.77965783e-02   0.00000000e+00   0.00000000e+00   0.00000000e+00  
 1          1          0.38313807       1          1          3          -0.00000000e+00  2.00513024e-02   0.00000000e+00   0.00000000e+00   0.00000000e+00   0.00000000e+00   -2.00513024e-02  0.00000000e+00  
 1          2          0.40229497       1          1          1          -0.00000000e+00  1.15552133e-02   0.00000000e+00   0.00000000e+00   0.00000000e+00   0.00000000e+00   -1.15552133e-02  0.00000000e+00  
 1          2          0.40229497       1          1          2          -0.00000000e+00  -2.31104265e-02  0.00000000e+00   6.33304136e-03   1.67773851e-02   0.00000000e+00   0.00000000e+00   -2.79148214e-18 
 1          2          0.40229497       1          1          3          -0.00000000e+00  1.15552133e-02   0.00000000e+00   0.00000000e+00   0.00000000e+00   0.00000000e+00   -1.15552133e-02  0.00000000e+00  
 1          3          0.42240972       1          1          1          -0.00000000e+00  9.01007734e-03   0.00000000e+00   0.00000000e+00   0.00000000e+00   0.00000000e+00   -9.01007734e-03  0.00000000e+00  
 1          3          0.42240972       1          1          2          -0.00000000e+00  -1.80201547e-02  0.00000000e+00   4.96313235e-03   1.30570223e-02   0.00000000e+00   0.00000000e+00   0.00000000e+00  
 1          3          0.42240972       1          1          3          -0.00000000e+00  9.01007734e-03   0.00000000e+00   0.00000000e+00   0.00000000e+00   0.00000000e+00   -9.01007734e-03  0.00000000e+00  
 1          4          0.44353021       1          1          1          -0.00000000e+00  7.79365251e-03   0.00000000e+00   0.00000000e+00   0.00000000e+00   0.00000000e+00   -7.79365251e-03  0.00000000e+00  
 1          4          0.44353021       1          1          2          -0.00000000e+00  -1.55873050e-02  0.00000000e+00   4.29787745e-03   1.12894276e-02   0.00000000e+00   0.00000000e+00   0.00000000e+00  
 1          4          0.44353021       1          1          3          -0.00000000e+00  7.79365251e-03   0.00000000e+00   0.00000000e+00   0.00000000e+00   0.00000000e+00   -7.79365251e-03  0.00000000e+00  
 1          5          0.46570672       1          1          1          -0.00000000e+00  7.07199777e-03   0.00000000e+00   0.00000000e+00   0.00000000e+00   0.00000000e+00   -7.07199777e-03  0.00000000e+00  
 1          5          0.46570672       1          1          2          -0.00000000e+00  -1.41439955e-02  0.00000000e+00   3.90950797e-03   1.02344876e-02   0.00000000e+00   0.00000000e+00   0.00000000e+00  
 1          5          0.46570672       1          1          3          -0.00000000e+00  7.07199777e-03   0.00000000e+00   0.00000000e+00   0.00000000e+00   0.00000000e+00   -7.07199777e-03  0.00000000e+00  
 1          6          0.48899205       1          1          1          -0.00000000e+00  6.59704336e-03   0.00000000e+00   0.00000000e+00   0.00000000e+00   0.00000000e+00   -6.59704336e-03  0.00000000e+00  
 1          6          0.48899205       1          1          2          -0.00000000e+00  -1.31940867e-02  0.00000000e+00   3.65353372e-03   9.54055300e-03   0.00000000e+00   0.00000000e+00   -1.69653199e-18 
 1          6          0.48899205       1          1          3          -0.00000000e+00  6.59704336e-03   0.00000000e+00   0.00000000e+00   0.00000000e+00   0.00000000e+00   -6.59704336e-03  0.00000000e+00  
 1          7          0.51344166       1          1          1          -0.00000000e+00  6.26599820e-03   0.00000000e+00   0.00000000e+00   0.00000000e+00   0.00000000e+00   -6.26599820e-03  0.00000000e+00  
 1          7          0.51344166       1          1          2          -0.00000000e+00  -1.25319964e-02  0.00000000e+00   3.47371783e-03   9.05827857e-03   0.00000000e+00   0.00000000e+00   0.00000000e+00  
 1          7          0.51344166       1          1          3          -0.00000000e+00  6.26599820e-03   0.00000000e+00   0.00000000e+00   0.00000000e+00   0.00000000e+00   -6.26599820e-03  0.00000000e+00  
 1          8          0.53911374       1          1          1          -0.00000000e+00  6.02771179e-03   0.00000000e+00   0.00000000e+00   0.00000000e+00   0.00000000e+00   -6.02771179e-03  0.00000000e+00  
 1          8          0.53911374       1          1          2          -0.00000000e+00  -1.20554236e-02  0.00000000e+00   3.34177229e-03   8.71365130e-03   0.00000000e+00   0.00000000e+00   0.00000000e+00  
 1          8          0.53911374       1          1          3          -0.00000000e+00  6.02771179e-03   0.00000000e+00   0.00000000e+00   0.00000000e+00   0.00000000e+00   -6.02771179e-03  0.00000000e+00  
 1          9          0.56606943       1          1          1          -0.00000000e+00  5.85354908e-03   0.00000000e+00   0.00000000e+00   0.00000000e+00   0.00000000e+00   -5.85354908e-03  0.00000000e+00  
 1          9          0.56606943       1          1          2          -0.00000000e+00  -1.17070982e-02  0.00000000e+00   3.24109269e-03   8.46600546e-03   0.00000000e+00   0.00000000e+00   1.96394785e-18  
 1          9          0.56606943       1          1          3          -0.00000000e+00  5.85354908e-03   0.00000000e+00   0.00000000e+00   0.00000000e+00   0.00000000e+00   -5.85354908e-03  0.00000000e+00  
 1          10         0.59437290       1          1          1          -0.00000000e+00  5.72604804e-03   0.00000000e+00   0.00000000e+00   0.00000000e+00   0.00000000e+00   -5.72604804e-03  0.00000000e+00  
 1          10         0.59437290       1          1          2          -0.00000000e+00  -1.14520961e-02  0.00000000e+00   3.16081277e-03   8.29128332e-03   0.00000000e+00   0.00000000e+00   -2.06214524e-18 
 1          10         0.59437290       1          1          3          -0.00000000e+00  5.72604804e-03   0.00000000e+00   0.00000000e+00   0.00000000e+00   0.00000000e+00   -5.72604804e-03  0.00000000e+00  
 1          11         0.62409154       1          1          1          -0.00000000e+00  5.63385599e-03   0.00000000e+00   0.00000000e+00   0.00000000e+00   0.00000000e+00   -5.63385599e-03  0.00000000e+00  
 1          11         0.62409154       1          1          2          -0.00000000e+00  -1.12677120e-02  0.00000000e+00   3.09322327e-03   8.17448872e-03   0.00000000e+00   0.00000000e+00   0.00000000e+00  
 1          11         0.62409154       1          1          3          -0.00000000e+00  5.63385599e-03   0.00000000e+00   0.00000000e+00   0.00000000e+00   0.00000000e+00   -5.63385599e-03  0.00000000e+00  
 1          12         0.65529612       1          1          1          -0.00000000e+00  5.56922421e-03   0.00000000e+00   0.00000000e+00   0.00000000e+00   0.00000000e+00   -5.56922421e-03  0.00000000e+00  
 1          12         0.65529612       1          1          2          -0.00000000e+00  -1.11384484e-02  0.00000000e+00   3.03255041e-03   8.10589801e-03   0.00000000e+00   0.00000000e+00   0.00000000e+00  
 1          12         0.65529612       1          1          3          -0.00000000e+00  5.56922421e-03   0.00000000e+00   0.00000000e+00   0.00000000e+00   0.00000000e+00   -5.56922421e-03  0.00000000e+00  
 1          13         0.68806093       1          1          1          -0.00000000e+00  5.52665915e-03   0.00000000e+00   0.00000000e+00   0.00000000e+00   0.00000000e+00   -5.52665915e-03  0.00000000e+00  
 1          13         0.68806093       1          1          2          -0.00000000e+00  -1.10533183e-02  0.00000000e+00   2.97434567e-03   8.07897264e-03   0.00000000e+00   0.00000000e+00   0.00000000e+00  
 1          13         0.68806093       1          1          3          -0.00000000e+00  5.52665915e-03   0.00000000e+00   0.00000000e+00   0.00000000e+00   0.00000000e+00   -5.52665915e-03  0.00000000e+00  
 1          14         0.72246397       1          1          1          -0.00000000e+00  5.50214452e-03   0.00000000e+00   0.00000000e+00   0.00000000e+00   0.00000000e+00   -5.50214452e-03  0.00000000e+00  
 1          14         0.72246397       1          1          2          -0.00000000e+00  -1.10042890e-02  0.00000000e+00   2.91516397e-03   8.08912507e-03   0.00000000e+00   0.00000000e+00   0.00000000e+00  
 1          14         0.72246397       1          1          3          -0.00000000e+00  5.50214452e-03   0.00000000e+00   0.00000000e+00   0.00000000e+00   0.00000000e+00   -5.50214452e-03  0.00000000e+00  
 1          15         0.75858717       1          1          1          -0.00000000e+00  5.49266795e-03   0.00000000e+00   0.00000000e+00   0.00000000e+00   0.00000000e+00   -5.49266795e-03  0.00000000e+00  
 1          15         0.75858717       1          1          2          -0.00000000e+00  -1.09853359e-02  0.00000000e+00   2.85234880e-03   8.13298709e-03   0.00000000e+00   0.00000000e+00   -1.31593897e-18 
 1          15         0.75858717       1          1          3          -0.00000000e+00  5.49266795e-03   0.00000000e+00   0.00000000e+00   0.00000000e+00   0.00000000e+00   -5.49266795e-03  0.00000000e+00  
 1          16         0.79651653       1          1          1          -0.00000000e+00  5.49593375e-03   0.00000000e+00   0.00000000e+00   0.00000000e+00   0.00000000e+00   -5.49593375e-03  0.00000000e+00  
 1          16         0.79651653       1          1          2          -0.00000000e+00  -1.09918675e-02  0.00000000e+00   2.78307097e-03   8.20879653e-03   0.00000000e+00   0.00000000e+00   0.00000000e+00  
 1          16         0.79651653       1          1          3          -0.00000000e+00  5.49593375e-03   0.00000000e+00   0.00000000e+00   0.00000000e+00   0.00000000e+00   -5.49593375e-03  0.00000000e+00  
 1          17         0.83634236       1          1          1          -0.00000000e+00  5.51016571e-03   0.00000000e+00   0.00000000e+00   0.00000000e+00   0.00000000e+00   -5.51016571e-03  0.00000000e+00  
 1          17         0.83634236       1          1          2          -0.00000000e+00  -1.10203314e-02  0.00000000e+00   2.70742472e-03   8.31290670e-03   0.00000000e+00   0.00000000e+00   0.00000000e+00  
 1          17         0.83634236       1          1          3          -0.00000000e+00  5.51016571e-03   0.00000000e+00   0.00000000e+00   0.00000000e+00   0.00000000e+00   -5.51016571e-03  0.00000000e+00  
 1          18         0.87815947       1          1          1          -0.00000000e+00  5.53395949e-03   0.00000000e+00   0.00000000e+00   0.00000000e+00   0.00000000e+00   -5.53395949e-03  0.00000000e+00  
 1          18         0.87815947       1          1          2          -0.00000000e+00  -1.10679190e-02  0.00000000e+00   2.62414875e-03   8.44377023e-03   0.00000000e+00   0.00000000e+00   -1.52336385e-18 
 1          18         0.87815947       1          1          3          -0.00000000e+00  5.53395949e-03   0.00000000e+00   0.00000000e+00   0.00000000e+00   0.00000000e+00   -5.53395949e-03  0.00000000e+00  
 1          19         0.92206745       1          1          1          -0.00000000e+00  5.56617809e-03   0.00000000e+00   0.00000000e+00   0.00000000e+00   0.00000000e+00   -5.56617809e-03  0.00000000e+00  
 1          19         0.92206745       1          1          2          -0.00000000e+00  -1.11323562e-02  0.00000000e+00   2.53287903e-03   8.59947716e-03   0.00000000e+00   0.00000000e+00   0.00000000e+00  
 1          19         0.92206745       1          1          3          -0.00000000e+00  5.56617809e-03   0.00000000e+00   0.00000000e+00   0.00000000e+00   0.00000000e+00   -5.56617809e-03  0.00000000e+00  
 1          20         0.96817082       1          1          1          -0.00000000e+00  5.60588541e-03   0.00000000e+00   0.00000000e+00   0.00000000e+00   0.00000000e+00   -5.60588541e-03  0.00000000e+00  
 1          20         0.96817082       1          1          2          -0.00000000e+00  -1.12117708e-02  0.00000000e+00   2.43366870e-03   8.77810213e-03   0.00000000e+00   0.00000000e+00   0.00000000e+00  
 1          20         0.96817082       1          1          3          -0.00000000e+00  5.60588541e-03   0.00000000e+00   0.00000000e+00   0.00000000e+00   0.00000000e+00   -5.60588541e-03  0.00000000e+00  
 1          21         1.01657936       1          1          1          -0.00000000e+00  5.65229493e-03   0.00000000e+00   0.00000000e+00   0.00000000e+00   0.00000000e+00   -5.65229493e-03  0.00000000e+00  
 1          21         1.01657936       1          1          2          -0.00000000e+00  -1.13045899e-02  0.00000000e+00   2.32483824e-03   8.97975162e-03   0.00000000e+00   0.00000000e+00   -1.76348408e-18 
 1          21         1.01657936       1          1          3          -0.00000000e+00  5.65229493e-03   0.00000000e+00   0.00000000e+00   0.00000000e+00   0.00000000e+00   -5.65229493e-03  0.00000000e+00  
 1          22         1.06740833       1          1          1          -0.00000000e+00  5.70478453e-03   0.00000000e+00   0.00000000e+00   0.00000000e+00   0.00000000e+00   -5.70478453e-03  0.00000000e+00  
 1          22         1.06740833       1          1          2          -0.00000000e+00  -1.14095691e-02  0.00000000e+00   2.20994636e-03   9.19962270e-03   0.00000000e+00   0.00000000e+00   0.00000000e+00  
 1          22         1.06740833       1          1          3          -0.00000000e+00  5.70478453e-03   0.00000000e+00   0.00000000e+00   0.00000000e+00   0.00000000e+00   -5.70478453e-03  0.00000000e+00  
 1          23         1.12077875       1          1          1          -0.00000000e+00  5.76283781e-03   0.00000000e+00   0.00000000e+00   0.00000000e+00   0.00000000e+00   -5.76283781e-03  0.00000000e+00  
 1          23         1.12077875       1          1          2          -0.00000000e+00  -1.15256756e-02  0.00000000e+00   2.08839969e-03   9.43727593e-03   0.00000000e+00   0.00000000e+00   0.00000000e+00  
 1          23         1.12077875       1          1          3          -0.00000000e+00  5.76283781e-03   0.00000000e+00   0.00000000e+00   0.00000000e+00   0.00000000e+00   -5.76283781e-03  0.00000000e+00  
 1          24         1.17681768       1          1          1          -0.00000000e+00  5.82604296e-03   0.00000000e+00   0.00000000e+00   0.00000000e+00   0.00000000e+00   -5.82604296e-03  0.00000000e+00  
 1          24         1.17681768       1          1          2          -0.00000000e+00  -1.16520859e-02  0.00000000e+00   1.96105057e-03   9.69103535e-03   0.00000000e+00   0.00000000e+00   0.00000000e+00  
 1          24         1.17681768       1          1          3          -0.00000000e+00  5.82604296e-03   0.00000000e+00   0.00000000e+00   0.00000000e+00   0.00000000e+00   -5.82604296e-03  0.00000000e+00  
 1          25         1.23565857       1          1          1          -0.00000000e+00  5.89404868e-03   0.00000000e+00   0.00000000e+00   0.00000000e+00   0.00000000e+00   -5.89404868e-03  0.00000000e+00  
 1          25         1.23565857       1          1          2          -0.00000000e+00  -1.17880974e-02  0.00000000e+00   1.82914198e-03   9.95895538e-03   0.00000000e+00   0.00000000e+00   0.00000000e+00  
 1          25         1.23565857       1          1          3          -0.00000000e+00  5.89404868e-03   0.00000000e+00   0.00000000e+00   0.00000000e+00   0.00000000e+00   -5.89404868e-03  0.00000000e+00  
 1          26         1.29744149       1          1          1          -0.00000000e+00  5.96659637e-03   0.00000000e+00   0.00000000e+00   0.00000000e+00   0.00000000e+00   -5.96659637e-03  0.00000000e+00  
 1          26         1.29744149       1          1          2          -0.00000000e+00  -1.19331927e-02  0.00000000e+00   1.69476658e-03   1.02384262e-02   0.00000000e+00   0.00000000e+00   0.00000000e+00  
 1          26         1.29744149       1          1          3          -0.00000000e+00  5.96659637e-03   0.00000000e+00   0.00000000e+00   0.00000000e+00   0.00000000e+00   -5.96659637e-03  0.00000000e+00  
 1          27         1.36231357       1          1          1          -0.00000000e+00  6.04346482e-03   0.00000000e+00   0.00000000e+00   0.00000000e+00   0.00000000e+00   -6.04346482e-03  0.00000000e+00  
 1          27         1.36231357       1          1          2          -0.00000000e+00  -1.20869296e-02  0.00000000e+00   1.55847343e-03   1.05284562e-02   0.00000000e+00   0.00000000e+00   0.00000000e+00  
 1          27         1.36231357       1          1          3          -0.00000000e+00  6.04346482e-03   0.00000000e+00   0.00000000e+00   0.00000000e+00   0.00000000e+00   -6.04346482e-03  0.00000000e+00  
 1          28         1.43042925       1          1          1          -0.00000000e+00  6.12448441e-03   0.00000000e+00   0.00000000e+00   0.00000000e+00   0.00000000e+00   -6.12448441e-03  0.00000000e+00  
 1          28         1.43042925       1          1          2          -0.00000000e+00  -1.22489688e-02  0.00000000e+00   1.42188063e-03   1.08270882e-02   0.00000000e+00   0.00000000e+00   0.00000000e+00  
 1          28         1.43042925       1          1          3          -0.00000000e+00  6.12448441e-03   0.00000000e+00   0.00000000e+00   0.00000000e+00   0.00000000e+00   -6.12448441e-03  0.00000000e+00  
 1          29         1.50195071       1          1          1          -0.00000000e+00  6.20952616e-03   0.00000000e+00   0.00000000e+00   0.00000000e+00   0.00000000e+00   -6.20952616e-03  0.00000000e+00  
 1          29         1.50195071       1          1          2          -0.00000000e+00  -1.24190523e-02  0.00000000e+00   1.28662220e-03   1.11324301e-02   0.00000000e+00   0.00000000e+00   0.00000000e+00  
 1          29         1.50195071       1          1          3          -0.00000000e+00  6.20952616e-03   0.00000000e+00   0.00000000e+00   0.00000000e+00   0.00000000e+00   -6.20952616e-03  0.00000000e+00  
 1          30         1.57704825       1          1          1          -0.00000000e+00  6.29849770e-03   0.00000000e+00   0.00000000e+00   0.00000000e+00   0.00000000e+00   -6.29849770e-03  0.00000000e+00  
 1          30         1.57704825       1          1          2          -0.00000000e+00  -1.25969954e-02  0.00000000e+00   1.15427827e-03   1.14427171e-02   0.00000000e+00   0.00000000e+00   0.00000000e+00  
 1          30         1.57704825       1          1          3          -0.00000000e+00  6.29849770e-03   0.00000000e+00   0.00000000e+00   0.00000000e+00   0.00000000e+00   -6.29849770e-03  0.00000000e+00  
 1          31         1.65590066       1          1          1          -0.00000000e+00  6.39133243e-03   0.00000000e+00   0.00000000e+00   0.00000000e+00   0.00000000e+00   -6.39133243e-03  0.00000000e+00  
 1          31         1.65590066       1          1          2          -0.00000000e+00  -1.27826649e-02  0.00000000e+00   1.02566745e-03   1.17569974e-02   0.00000000e+00   0.00000000e+00   -1.43626487e-18 
 1          31         1.65590066       1          1          3          -0.00000000e+00  6.39133243e-03   0.00000000e+00   0.00000000e+00   0.00000000e+00   0.00000000e+00   -6.39133243e-03  0.00000000e+00  
 1          32         1.73869569       1          1          1          -0.00000000e+00  6.48799758e-03   0.00000000e+00   0.00000000e+00   0.00000000e+00   0.00000000e+00   -6.48799758e-03  0.00000000e+00  
 1          32         1.73869569       1          1          2          -0.00000000e+00  -1.29759952e-02  0.00000000e+00   9.02825624e-04   1.20731695e-02   0.00000000e+00   0.00000000e+00   0.00000000e+00  
 1          32         1.73869569       1          1          3          -0.00000000e+00  6.48799758e-03   0.00000000e+00   0.00000000e+00   0.00000000e+00   0.00000000e+00   -6.48799758e-03  0.00000000e+00  
 1          33         1.82563048       1          1          1          -0.00000000e+00  6.58847855e-03   0.00000000e+00   0.00000000e+00   0.00000000e+00   0.00000000e+00   -6.58847855e-03  0.00000000e+00  
 1          33         1.82563048       1          1          2          -0.00000000e+00  -1.31769571e-02  0.00000000e+00   7.86018827e-04   1.23909383e-02   0.00000000e+00   0.00000000e+00   0.00000000e+00  
 1          33         1.82563048       1          1          3          -0.00000000e+00  6.58847855e-03   0.00000000e+00   0.00000000e+00   0.00000000e+00   0.00000000e+00   -6.58847855e-03  0.00000000e+00  
 1          34         1.91691200       1          1          1          -0.00000000e+00  6.69278002e-03   0.00000000e+00   0.00000000e+00   0.00000000e+00   0.00000000e+00   -6.69278002e-03  0.00000000e+00  
 1          34         1.91691200       1          1          2          -0.00000000e+00  -1.33855600e-02  0.00000000e+00   6.77035145e-04   1.27085249e-02   0.00000000e+00   0.00000000e+00   0.00000000e+00  
 1          34         1.91691200       1          1          3          -0.00000000e+00  6.69278002e-03   0.00000000e+00   0.00000000e+00   0.00000000e+00   0.00000000e+00   -6.69278002e-03  0.00000000e+00  
 1          35         2.01275760       1          1          1          -0.00000000e+00  6.80092526e-03   0.00000000e+00   0.00000000e+00   0.00000000e+00   0.00000000e+00   -6.80092526e-03  0.00000000e+00  
 1          35         2.01275760       1          1          2          -0.00000000e+00  -1.36018505e-02  0.00000000e+00   5.76225783e-04   1.30256247e-02   0.00000000e+00   0.00000000e+00   0.00000000e+00  
 1          35         2.01275760       1          1          3          -0.00000000e+00  6.80092526e-03   0.00000000e+00   0.00000000e+00   0.00000000e+00   0.00000000e+00   -6.80092526e-03  0.00000000e+00  
 1          36         2.11339548       1          1          1          -0.00000000e+00  6.91295192e-03   0.00000000e+00   0.00000000e+00   0.00000000e+00   0.00000000e+00   -6.91295192e-03  0.00000000e+00  
 1          36         2.11339548       1          1          2          -0.00000000e+00  -1.38259038e-02  0.00000000e+00   4.84232100e-04   1.33416717e-02   0.00000000e+00   0.00000000e+00   0.00000000e+00  
 1          36         2.11339548       1          1          3          -0.00000000e+00  6.91295192e-03   0.00000000e+00   0.00000000e+00   0.00000000e+00   0.00000000e+00   -6.91295192e-03  0.00000000e+00  
 1          37         2.21906525       1          1          1          -0.00000000e+00  7.02890762e-03   0.00000000e+00   0.00000000e+00   0.00000000e+00   0.00000000e+00   -7.02890762e-03  0.00000000e+00  
 1          37         2.21906525       1          1          2          -0.00000000e+00  -1.40578152e-02  0.00000000e+00   4.01555834e-04   1.36562594e-02   0.00000000e+00   0.00000000e+00   0.00000000e+00  
 1          37         2.21906525       1          1          3          -0.00000000e+00  7.02890762e-03   0.00000000e+00   0.00000000e+00   0.00000000e+00   0.00000000e+00   -7.02890762e-03  0.00000000e+00  
 1          38         2.33001852       1          1          1          -0.00000000e+00  7.14885290e-03   0.00000000e+00   0.00000000e+00   0.00000000e+00   0.00000000e+00   -7.14885290e-03  0.00000000e+00  
 1          38         2.33001852       1          1          2          -0.00000000e+00  -1.42977058e-02  0.00000000e+00   3.28189625e-04   1.39695162e-02   0.00000000e+00   0.00000000e+00   0.00000000e+00  
 1          38         2.33001852       1          1          3          -0.00000000e+00  7.14885290e-03   0.00000000e+00   0.00000000e+00   0.00000000e+00   0.00000000e+00   -7.14885290e-03  0.00000000e+00  
 1          39         2.44651944       1          1          1          -0.00000000e+00  7.27285547e-03   0.00000000e+00   0.00000000e+00   0.00000000e+00   0.00000000e+00   -7.27285547e-03  0.00000000e+00  
 1          39         2.44651944       1          1          2          -0.00000000e+00  -1.45457109e-02  0.00000000e+00   2.64100587e-04   1.42816104e-02   0.00000000e+00   0.00000000e+00   0.00000000e+00  
 1          39         2.44651944       1          1          3          -0.00000000e+00  7.27285547e-03   0.00000000e+00   0.00000000e+00   0.00000000e+00   0.00000000e+00   -7.27285547e-03  0.00000000e+00  
 1          40         2.56884541       1          1          1          -0.00000000e+00  7.40099024e-03   0.00000000e+00   0.00000000e+00   0.00000000e+00   0.00000000e+00   -7.40099024e-03  0.00000000e+00  
 1          40         2.56884541       1          1          2          -0.00000000e+00  -1.48019805e-02  0.00000000e+00   2.09032335e-04   1.45929482e-02   0.00000000e+00   0.00000000e+00   2.22811822e-18  
 1          40         2.56884541       1          1          3          -0.00000000e+00  7.40099024e-03   0.00000000e+00   0.00000000e+00   0.00000000e+00   0.00000000e+00   -7.40099024e-03  0.00000000e+00  
 1          41         2.69728768       1          1          1          -0.00000000e+00  7.53333890e-03   0.00000000e+00   0.00000000e+00   0.00000000e+00   0.00000000e+00   -7.53333890e-03  0.00000000e+00  
 1          41         2.69728768       1          1          2          -0.00000000e+00  -1.50666778e-02  0.00000000e+00   1.62489837e-04   1.49041880e-02   0.00000000e+00   0.00000000e+00   0.00000000e+00  
 1          41         2.69728768       1          1          3          -0.00000000e+00  7.53333890e-03   0.00000000e+00   0.00000000e+00   0.00000000e+00   0.00000000e+00   -7.53333890e-03  0.00000000e+00  
 1          42         2.83215207       1          1          1          -0.00000000e+00  7.66998790e-03   0.00000000e+00   0.00000000e+00   0.00000000e+00   0.00000000e+00   -7.66998790e-03  0.00000000e+00  
 1          42         2.83215207       1          1          2          -0.00000000e+00  -1.53399758e-02  0.00000000e+00   1.23868823e-04   1.52161070e-02   0.00000000e+00   0.00000000e+00   0.00000000e+00  
 1          42         2.83215207       1          1          3          -0.00000000e+00  7.66998790e-03   0.00000000e+00   0.00000000e+00   0.00000000e+00   0.00000000e+00   -7.66998790e-03  0.00000000e+00  
 1          43         2.97375967       1          1          1          -0.00000000e+00  7.81102823e-03   0.00000000e+00   0.00000000e+00   0.00000000e+00   0.00000000e+00   -7.81102823e-03  0.00000000e+00  
 1          43         2.97375967       1          1          2          -0.00000000e+00  -1.56220565e-02  0.00000000e+00   9.24925968e-05   1.55295639e-02   0.00000000e+00   0.00000000e+00   0.00000000e+00  
 1          43         2.97375967       1          1          3          -0.00000000e+00  7.81102823e-03   0.00000000e+00   0.00000000e+00   0.00000000e+00   0.00000000e+00   -7.81102823e-03  0.00000000e+00  
 1          44         3.12244766       1          1          1          -0.00000000e+00  7.95655477e-03   0.00000000e+00   0.00000000e+00   0.00000000e+00   0.00000000e+00   -7.95655477e-03  0.00000000e+00  
 1          44         3.12244766       1          1          2          -0.00000000e+00  -1.59131095e-02  0.00000000e+00   6.74821707e-05   1.58456274e-02   0.00000000e+00   0.00000000e+00   0.00000000e+00  
 1          44         3.12244766       1          1          3          -0.00000000e+00  7.95655477e-03   0.00000000e+00   0.00000000e+00   0.00000000e+00   0.00000000e+00   -7.95655477e-03  0.00000000e+00  
 1          45         3.27857004       1          1          1          -0.00000000e+00  8.10666579e-03   0.00000000e+00   0.00000000e+00   0.00000000e+00   0.00000000e+00   -8.10666579e-03  0.00000000e+00  
 1          45         3.27857004       1          1          2          -0.00000000e+00  -1.62133316e-02  0.00000000e+00   4.80268442e-05   1.61653047e-02   0.00000000e+00   0.00000000e+00   0.00000000e+00  
 1          45         3.27857004       1          1          3          -0.00000000e+00  8.10666579e-03   0.00000000e+00   0.00000000e+00   0.00000000e+00   0.00000000e+00   -8.10666579e-03  0.00000000e+00  
 1          46         3.44249854       1          1          1          -0.00000000e+00  8.26146263e-03   0.00000000e+00   0.00000000e+00   0.00000000e+00   0.00000000e+00   -8.26146263e-03  0.00000000e+00  
 1          46         3.44249854       1          1          2          -0.00000000e+00  -1.65229253e-02  0.00000000e+00   3.32691244e-05   1.64896561e-02   0.00000000e+00   0.00000000e+00   0.00000000e+00  
 1          46         3.44249854       1          1          3          -0.00000000e+00  8.26146263e-03   0.00000000e+00   0.00000000e+00   0.00000000e+00   0.00000000e+00   -8.26146263e-03  0.00000000e+00  
 1          47         3.61462347       1          1          1          -0.00000000e+00  8.42104943e-03   0.00000000e+00   0.00000000e+00   0.00000000e+00   0.00000000e+00   -8.42104943e-03  0.00000000e+00  
 1          47         3.61462347       1          1          2          -0.00000000e+00  -1.68420989e-02  0.00000000e+00   2.23683104e-05   1.68197306e-02   0.00000000e+00   0.00000000e+00   0.00000000e+00  
 1          47         3.61462347       1          1          3          -0.00000000e+00  8.42104943e-03   0.00000000e+00   0.00000000e+00   0.00000000e+00   0.00000000e+00   -8.42104943e-03  0.00000000e+00  
 1          48         3.79535464       1          1          1          -0.00000000e+00  8.58553295e-03   0.00000000e+00   0.00000000e+00   0.00000000e+00   0.00000000e+00   -8.58553295e-03  0.00000000e+00  
 1          48         3.79535464       1          1          2          -0.00000000e+00  -1.71710659e-02  0.00000000e+00   1.45496806e-05   1.71565162e-02   0.00000000e+00   0.00000000e+00   3.29194540e-18  
 1          48         3.79535464       1          1          3          -0.00000000e+00  8.58553295e-03   0.00000000e+00   0.00000000e+00   0.00000000e+00   0.00000000e+00   -8.58553295e-03  0.00000000e+00  
 1          49         3.98512237       1          1          1          -0.00000000e+00  8.75502245e-03   0.00000000e+00   0.00000000e+00   0.00000000e+00   0.00000000e+00   -8.75502245e-03  0.00000000e+00  
 1          49         3.98512237       1          1          2          -0.00000000e+00  -1.75100449e-02  0.00000000e+00   9.12721354e-06   1.75009177e-02   0.00000000e+00   0.00000000e+00   0.00000000e+00  
 1          49         3.98512237       1          1          3          -0.00000000e+00  8.75502245e-03   0.00000000e+00   0.00000000e+00   0.00000000e+00   0.00000000e+00   -8.75502245e-03  0.00000000e+00  
 1          50         4.18437849       1          1          1          -0.00000000e+00  8.92962961e-03   0.00000000e+00   0.00000000e+00   0.00000000e+00   0.00000000e+00   -8.92962961e-03  0.00000000e+00  
 1          50         4.18437849       1          1          2          -0.00000000e+00  -1.78592592e-02  0.00000000e+00   5.49830530e-06   1.78537609e-02   0.00000000e+00   0.00000000e+00   0.00000000e+00  
 1          50         4.18437849       1          1          3          -0.00000000e+00  8.92962961e-03   0.00000000e+00   0.00000000e+00   0.00000000e+00   0.00000000e+00   -8.92962961e-03  0.00000000e+00  
 1          51         4.39359742       1          1          1          -0.00000000e+00  9.10946855e-03   0.00000000e+00   0.00000000e+00   0.00000000e+00   0.00000000e+00   -9.10946855e-03  0.00000000e+00  
 1          51         4.39359742       1          1          2          -0.00000000e+00  -1.82189371e-02  0.00000000e+00   3.16632100e-06   1.82157708e-02   0.00000000e+00   0.00000000e+00   0.00000000e+00  
 1          51         4.39359742       1          1          3          -0.00000000e+00  9.10946855e-03   0.00000000e+00   0.00000000e+00   0.00000000e+00   0.00000000e+00   -9.10946855e-03  0.00000000e+00  
 1          52         4.61327729       1          1          1          -0.00000000e+00  9.29465578e-03   0.00000000e+00   0.00000000e+00   0.00000000e+00   0.00000000e+00   -9.29465578e-03  0.00000000e+00  
 1          52         4.61327729       1          1          2          -0.00000000e+00  -1.85893116e-02  0.00000000e+00   1.73322330e-06   1.85875783e-02   0.00000000e+00   0.00000000e+00   0.00000000e+00  
 1          52         4.61327729       1          1          3          -0.00000000e+00  9.29465578e-03   0.00000000e+00   0.00000000e+00   0.00000000e+00   0.00000000e+00   -9.29465578e-03  0.00000000e+00  
 1          53         4.84394115       1          1          1          -0.00000000e+00  9.48531031e-03   0.00000000e+00   0.00000000e+00   0.00000000e+00   0.00000000e+00   -9.48531031e-03  0.00000000e+00  
 1          53         4.84394115       1          1          2          -0.00000000e+00  -1.89706206e-02  0.00000000e+00   8.95872033e-07   1.89697247e-02   0.00000000e+00   0.00000000e+00   0.00000000e+00  
 1          53         4.84394115       1          1          3          -0.00000000e+00  9.48531031e-03   0.00000000e+00   0.00000000e+00   0.00000000e+00   0.00000000e+00   -9.48531031e-03  0.00000000e+00  
 1          54         5.08613821       1          1          1          -0.00000000e+00  9.68155364e-03   0.00000000e+00   0.00000000e+00   0.00000000e+00   0.00000000e+00   -9.68155364e-03  0.00000000e+00  
 1          54         5.08613821       1          1          2          -0.00000000e+00  -1.93631073e-02  0.00000000e+00   4.33781850e-07   1.93626735e-02   0.00000000e+00   0.00000000e+00   0.00000000e+00  
 1          54         5.08613821       1          1          3          -0.00000000e+00  9.68155364e-03   0.00000000e+00   0.00000000e+00   0.00000000e+00   0.00000000e+00   -9.68155364e-03  0.00000000e+00  
 1          55         5.34044512       1          1          1          -0.00000000e+00  9.88350992e-03   0.00000000e+00   0.00000000e+00   0.00000000e+00   0.00000000e+00   -9.88350992e-03  0.00000000e+00  
 1          55         5.34044512       1          1          2          -0.00000000e+00  -1.97670198e-02  0.00000000e+00   1.94856316e-07   1.97668250e-02   0.00000000e+00   0.00000000e+00   0.00000000e+00  
 1          55         5.34044512       1          1          3          -0.00000000e+00  9.88350992e-03   0.00000000e+00   0.00000000e+00   0.00000000e+00   0.00000000e+00   -9.88350992e-03  0.00000000e+00  
 1          56         5.60746738       1          1          1          -0.00000000e+00  1.00913060e-02   0.00000000e+00   0.00000000e+00   0.00000000e+00   0.00000000e+00   -1.00913060e-02  0.00000000e+00  
 1          56         5.60746738       1          1          2          -0.00000000e+00  -2.01826120e-02  0.00000000e+00   8.02280445e-08   2.01825318e-02   0.00000000e+00   0.00000000e+00   0.00000000e+00  
 1          56         5.60746738       1          1          3          -0.00000000e+00  1.00913060e-02   0.00000000e+00   0.00000000e+00   0.00000000e+00   0.00000000e+00   -1.00913060e-02  0.00000000e+00  
 1          57         5.88784074       1          1          1          -0.00000000e+00  1.03050715e-02   0.00000000e+00   0.00000000e+00   0.00000000e+00   0.00000000e+00   -1.03050715e-02  0.00000000e+00  
 1          57         5.88784074       1          1          2          -0.00000000e+00  -2.06101430e-02  0.00000000e+00   2.98226884e-08   2.06101132e-02   0.00000000e+00   0.00000000e+00   0.00000000e+00  
 1          57         5.88784074       1          1          3          -0.00000000e+00  1.03050715e-02   0.00000000e+00   0.00000000e+00   0.00000000e+00   0.00000000e+00   -1.03050715e-02  0.00000000e+00  
 1          58         6.18223278       1          1          1          -0.00000000e+00  1.05249391e-02   0.00000000e+00   0.00000000e+00   0.00000000e+00   0.00000000e+00   -1.05249391e-02  0.00000000e+00  
 1          58         6.18223278       1          1          2          -0.00000000e+00  -2.10498782e-02  0.00000000e+00   9.81538496e-09   2.10498684e-02   0.00000000e+00   0.00000000e+00   0.00000000e+00  
 1          58         6.18223278       1          1          3          -0.00000000e+00  1.05249391e-02   0.00000000e+00   0.00000000e+00   0.00000000e+00   0.00000000e+00   -1.05249391e-02  0.00000000e+00  
 1          59         6.49134442       1          1          1          -0.00000000e+00  1.07510444e-02   0.00000000e+00   0.00000000e+00   0.00000000e+00   0.00000000e+00   -1.07510444e-02  0.00000000e+00  
 1          59         6.49134442       1          1          2          -0.00000000e+00  -2.15020887e-02  0.00000000e+00   2.78721312e-09   2.15020859e-02   0.00000000e+00   0.00000000e+00   0.00000000e+00  
 1          59         6.49134442       1          1          3          -0.00000000e+00  1.07510444e-02   0.00000000e+00   0.00000000e+00   0.00000000e+00   0.00000000e+00   -1.07510444e-02  0.00000000e+00  
 1          60         6.81591164       1          1          1          -0.00000000e+00  1.09835261e-02   0.00000000e+00   0.00000000e+00   0.00000000e+00   0.00000000e+00   -1.09835261e-02  0.00000000e+00  
 1          60         6.81591164       1          1          2          -0.00000000e+00  -2.19670523e-02  0.00000000e+00   6.59749921e-10   2.19670516e-02   0.00000000e+00   0.00000000e+00   0.00000000e+00  
 1          60         6.81591164       1          1          3          -0.00000000e+00  1.09835261e-02   0.00000000e+00   0.00000000e+00   0.00000000e+00   0.00000000e+00   -1.09835261e-02  0.00000000e+00  
 1          61         7.15670722       1          1          1          -0.00000000e+00  1.12225266e-02   0.00000000e+00   0.00000000e+00   0.00000000e+00   0.00000000e+00   -1.12225266e-02  0.00000000e+00  
 1          61         7.15670722       1          1          2          -0.00000000e+00  -2.24450531e-02  0.00000000e+00   1.24238704e-10   2.24450530e-02   0.00000000e+00   0.00000000e+00   0.00000000e+00  
 1          61         7.15670722       1          1          3          -0.00000000e+00  1.12225266e-02   0.00000000e+00   0.00000000e+00   0.00000000e+00   0.00000000e+00   -1.12225266e-02  0.00000000e+00  
 1          62         7.51454258       1          1          1          -0.00000000e+00  1.14681912e-02   0.00000000e+00   0.00000000e+00   0.00000000e+00   0.00000000e+00   -1.14681912e-02  0.00000000e+00  
 1          62         7.51454258       1          1          2          -0.00000000e+00  -2.29363823e-02  0.00000000e+00   1.69669209e-11   2.29363823e-02   0.00000000e+00   0.00000000e+00   -3.25891336e-18 
 1          62         7.51454258       1          1          3          -0.00000000e+00  1.14681912e-02   0.00000000e+00   0.00000000e+00   0.00000000e+00   0.00000000e+00   -1.14681912e-02  0.00000000e+00  
 1          63         7.89026971       1          1          1          -0.00000000e+00  1.17206690e-02   0.00000000e+00   0.00000000e+00   0.00000000e+00   0.00000000e+00   -1.17206690e-02  0.00000000e+00  
 1          63         7.89026971       1          1          2          -0.00000000e+00  -2.34413381e-02  0.00000000e+00   1.48868312e-12   2.34413381e-02   0.00000000e+00   0.00000000e+00   0.00000000e+00  
 1          63         7.89026971       1          1          3          -0.00000000e+00  1.17206690e-02   0.00000000e+00   0.00000000e+00   0.00000000e+00   0.00000000e+00   -1.17206690e-02  0.00000000e+00  
 1          64         8.28478320       1          1          1          -0.00000000e+00  1.19801130e-02   0.00000000e+00   0.00000000e+00   0.00000000e+00   0.00000000e+00   -1.19801130e-02  0.00000000e+00  
 1          64         8.28478320       1          1          2          -0.00000000e+00  -2.39602261e-02  0.00000000e+00   6.38165855e-14   2.39602261e-02   0.00000000e+00   0.00000000e+00   0.00000000e+00  
 1          64         8.28478320       1          1          3          -0.00000000e+00  1.19801130e-02   0.00000000e+00   0.00000000e+00   0.00000000e+00   0.00000000e+00   -1.19801130e-02  0.00000000e+00  
 1          65         8.69902236       1          1          1          -0.00000000e+00  1.22466797e-02   0.00000000e+00   0.00000000e+00   0.00000000e+00   0.00000000e+00   -1.22466797e-02  0.00000000e+00  
 1          65         8.69902236       1          1          2          -0.00000000e+00  -2.44933594e-02  0.00000000e+00   8.54812652e-16   2.44933594e-02   0.00000000e+00   0.00000000e+00   0.00000000e+00  
 1          65         8.69902236       1          1          3          -0.00000000e+00  1.22466797e-02   0.00000000e+00   0.00000000e+00   0.00000000e+00   0.00000000e+00   -1.22466797e-02  0.00000000e+00  
 1          66         9.13397348       1          1          1          -0.00000000e+00  1.25205296e-02   0.00000000e+00   0.00000000e+00   0.00000000e+00   0.00000000e+00   -1.25205296e-02  0.00000000e+00  
 1          66         9.13397348       1          1          2          -0.00000000e+00  -2.50410592e-02  0.00000000e+00   0.00000000e+00   2.50410592e-02   0.00000000e+00   0.00000000e+00   3.96122956e-18  
 1          66         9.13397348       1          1          3          -0.00000000e+00  1.25205296e-02   0.00000000e+00   0.00000000e+00   0.00000000e+00   0.00000000e+00   -1.25205296e-02  0.00000000e+00  
 1          67         9.59067215       1          1          1          -0.00000000e+00  1.28018273e-02   0.00000000e+00   0.00000000e+00   0.00000000e+00   0.00000000e+00   -1.28018273e-02  0.00000000e+00  
 1          67         9.59067215       1          1          2          -0.00000000e+00  -2.56036547e-02  0.00000000e+00   0.00000000e+00   2.56036547e-02   0.00000000e+00   0.00000000e+00   -4.15929103e-18 
 1          67         9.59067215       1          1          3          -0.00000000e+00  1.28018273e-02   0.00000000e+00   0.00000000e+00   0.00000000e+00   0.00000000e+00   -1.28018273e-02  0.00000000e+00  
 1          68         10.07020576      1          1          1          -0.00000000e+00  1.30907417e-02   0.00000000e+00   0.00000000e+00   0.00000000e+00   0.00000000e+00   -1.30907417e-02  0.00000000e+00  
 1          68         10.07020576      1          1          2          -0.00000000e+00  -2.61814835e-02  0.00000000e+00   0.00000000e+00   2.61814835e-02   0.00000000e+00   0.00000000e+00   0.00000000e+00  
 1          68         10.07020576      1          1          3          -0.00000000e+00  1.30907417e-02   0.00000000e+00   0.00000000e+00   0.00000000e+00   0.00000000e+00   -1.30907417e-02  0.00000000e+00  
 1          69         10.57371605      1          1          1          -0.00000000e+00  1.33874459e-02   0.00000000e+00   0.00000000e+00   0.00000000e+00   0.00000000e+00   -1.33874459e-02  0.00000000e+00  
 1          69         10.57371605      1          1          2          -0.00000000e+00  -2.67748919e-02  0.00000000e+00   0.00000000e+00   2.67748919e-02   0.00000000e+00   0.00000000e+00   0.00000000e+00  
 1          69         10.57371605      1          1          3          -0.00000000e+00  1.33874459e-02   0.00000000e+00   0.00000000e+00   0.00000000e+00   0.00000000e+00   -1.33874459e-02  0.00000000e+00  
 1          70         11.10240185      1          1          1          -0.00000000e+00  1.36921175e-02   0.00000000e+00   0.00000000e+00   0.00000000e+00   0.00000000e+00   -1.36921175e-02  0.00000000e+00  
 1          70         11.10240185      1          1          2          -0.00000000e+00  -2.73842349e-02  0.00000000e+00   0.00000000e+00   2.73842349e-02   0.00000000e+00   0.00000000e+00   0.00000000e+00  
 1          70         11.10240185      1          1          3          -0.00000000e+00  1.36921175e-02   0.00000000e+00   0.00000000e+00   0.00000000e+00   0.00000000e+00   -1.36921175e-02  0.00000000e+00  
 1          71         11.65752194      1          1          1          -0.00000000e+00  1.40049385e-02   0.00000000e+00   0.00000000e+00   0.00000000e+00   0.00000000e+00   -1.40049385e-02  0.00000000e+00  
 1          71         11.65752194      1          1          2          -0.00000000e+00  -2.80098771e-02  0.00000000e+00   0.00000000e+00   2.80098771e-02   0.00000000e+00   0.00000000e+00   -5.05564425e-18 
 1          71         11.65752194      1          1          3          -0.00000000e+00  1.40049385e-02   0.00000000e+00   0.00000000e+00   0.00000000e+00   0.00000000e+00   -1.40049385e-02  0.00000000e+00  
 1          72         12.24039804      1          1          1          -0.00000000e+00  1.43260960e-02   0.00000000e+00   0.00000000e+00   0.00000000e+00   0.00000000e+00   -1.43260960e-02  0.00000000e+00  
 1          72         12.24039804      1          1          2          -0.00000000e+00  -2.86521920e-02  0.00000000e+00   0.00000000e+00   2.86521920e-02   0.00000000e+00   0.00000000e+00   0.00000000e+00  
 1          72         12.24039804      1          1          3          -0.00000000e+00  1.43260960e-02   0.00000000e+00   0.00000000e+00   0.00000000e+00   0.00000000e+00   -1.43260960e-02  0.00000000e+00  
 1          73         12.85241794      1          1          1          -0.00000000e+00  1.46557815e-02   0.00000000e+00   0.00000000e+00   0.00000000e+00   0.00000000e+00   -1.46557815e-02  0.00000000e+00  
 1          73         12.85241794      1          1          2          -0.00000000e+00  -2.93115631e-02  0.00000000e+00   0.00000000e+00   2.93115631e-02   0.00000000e+00   0.00000000e+00   5.57384778e-18  
 1          73         12.85241794      1          1          3          -0.00000000e+00  1.46557815e-02   0.00000000e+00   0.00000000e+00   0.00000000e+00   0.00000000e+00   -1.46557815e-02  0.00000000e+00  
 1          74         13.49503884      1          1          1          -0.00000000e+00  1.49941919e-02   0.00000000e+00   0.00000000e+00   0.00000000e+00   0.00000000e+00   -1.49941919e-02  0.00000000e+00  
 1          74         13.49503884      1          1          2          -0.00000000e+00  -2.99883837e-02  0.00000000e+00   0.00000000e+00   2.99883837e-02   0.00000000e+00   0.00000000e+00   0.00000000e+00  
 1          74         13.49503884      1          1          3          -0.00000000e+00  1.49941919e-02   0.00000000e+00   0.00000000e+00   0.00000000e+00   0.00000000e+00   -1.49941919e-02  0.00000000e+00  
 1          75         14.16979078      1          1          1          -0.00000000e+00  1.53415287e-02   0.00000000e+00   0.00000000e+00   0.00000000e+00   0.00000000e+00   -1.53415287e-02  0.00000000e+00  
 1          75         14.16979078      1          1          2          -0.00000000e+00  -3.06830574e-02  0.00000000e+00   0.00000000e+00   3.06830574e-02   0.00000000e+00   0.00000000e+00   6.14516718e-18  
 1          75         14.16979078      1          1          3          -0.00000000e+00  1.53415287e-02   0.00000000e+00   0.00000000e+00   0.00000000e+00   0.00000000e+00   -1.53415287e-02  0.00000000e+00  
 1          76         14.87828032      1          1          1          -0.00000000e+00  1.56979991e-02   0.00000000e+00   0.00000000e+00   0.00000000e+00   0.00000000e+00   -1.56979991e-02  0.00000000e+00  
 1          76         14.87828032      1          1          2          -0.00000000e+00  -3.13959982e-02  0.00000000e+00   0.00000000e+00   3.13959982e-02   0.00000000e+00   0.00000000e+00   6.45242554e-18  
 1          76         14.87828032      1          1          3          -0.00000000e+00  1.56979991e-02   0.00000000e+00   0.00000000e+00   0.00000000e+00   0.00000000e+00   -1.56979991e-02  0.00000000e+00  
 1          77         15.62219433      1          1          1          -0.00000000e+00  1.60638153e-02   0.00000000e+00   0.00000000e+00   0.00000000e+00   0.00000000e+00   -1.60638153e-02  0.00000000e+00  
 1          77         15.62219433      1          1          2          -0.00000000e+00  -3.21276307e-02  0.00000000e+00   0.00000000e+00   3.21276307e-02   0.00000000e+00   0.00000000e+00   0.00000000e+00  
 1          77         15.62219433      1          1          3          -0.00000000e+00  1.60638153e-02   0.00000000e+00   0.00000000e+00   0.00000000e+00   0.00000000e+00   -1.60638153e-02  0.00000000e+00  
 1          78         16.40330405      1          1          1          -0.00000000e+00  1.64391954e-02   0.00000000e+00   0.00000000e+00   0.00000000e+00   0.00000000e+00   -1.64391954e-02  0.00000000e+00  
 1          78         16.40330405      1          1          2          -0.00000000e+00  -3.28783908e-02  0.00000000e+00   0.00000000e+00   3.28783908e-02   0.00000000e+00   0.00000000e+00   0.00000000e+00  
 1          78         16.40330405      1          1          3          -0.00000000e+00  1.64391954e-02   0.00000000e+00   0.00000000e+00   0.00000000e+00   0.00000000e+00   -1.64391954e-02  0.00000000e+00  
 1          79         17.22346925      1          1          1          -0.00000000e+00  1.68243627e-02   0.00000000e+00   0.00000000e+00   0.00000000e+00   0.00000000e+00   -1.68243627e-02  0.00000000e+00  
 1          79         17.22346925      1          1          2          -0.00000000e+00  -3.36487253e-02  0.00000000e+00   0.00000000e+00   3.36487253e-02   0.00000000e+00   0.00000000e+00   0.00000000e+00  
 1          79         17.22346925      1          1          3          -0.00000000e+00  1.68243627e-02   0.00000000e+00   0.00000000e+00   0.00000000e+00   0.00000000e+00   -1.68243627e-02  0.00000000e+00  
 1          80         18.08464272      1          1          1          -0.00000000e+00  1.72195465e-02   0.00000000e+00   0.00000000e+00   0.00000000e+00   0.00000000e+00   -1.72195465e-02  0.00000000e+00  
 1          80         18.08464272      1          1          2          -0.00000000e+00  -3.44390930e-02  0.00000000e+00   0.00000000e+00   3.44390930e-02   0.00000000e+00   0.00000000e+00   0.00000000e+00  
 1          80         18.08464272      1          1          3          -0.00000000e+00  1.72195465e-02   0.00000000e+00   0.00000000e+00   0.00000000e+00   0.00000000e+00   -1.72195465e-02  0.00000000e+00  
 1          81         18.98887485      1          1          1          -0.00000000e+00  1.76249821e-02   0.00000000e+00   0.00000000e+00   0.00000000e+00   0.00000000e+00   -1.76249821e-02  0.00000000e+00  
 1          81         18.98887485      1          1          2          -0.00000000e+00  -3.52499643e-02  0.00000000e+00   0.00000000e+00   3.52499643e-02   0.00000000e+00   0.00000000e+00   0.00000000e+00  
 1          81         18.98887485      1          1          3          -0.00000000e+00  1.76249821e-02   0.00000000e+00   0.00000000e+00   0.00000000e+00   0.00000000e+00   -1.76249821e-02  0.00000000e+00  
 1          82         19.93831860      1          1          1          -0.00000000e+00  1.80409108e-02   0.00000000e+00   0.00000000e+00   0.00000000e+00   0.00000000e+00   -1.80409108e-02  0.00000000e+00  
 1          82         19.93831860      1          1          2          -0.00000000e+00  -3.60818216e-02  0.00000000e+00   0.00000000e+00   3.60818216e-02   0.00000000e+00   0.00000000e+00   -4.32343367e-18 
 1          82         19.93831860      1          1          3          -0.00000000e+00  1.80409108e-02   0.00000000e+00   0.00000000e+00   0.00000000e+00   0.00000000e+00   -1.80409108e-02  0.00000000e+00  
 1          83         20.93523452      1          1          1          -0.00000000e+00  1.84675800e-02   0.00000000e+00   0.00000000e+00   0.00000000e+00   0.00000000e+00   -1.84675800e-02  0.00000000e+00  
 1          83         20.93523452      1          1          2          -0.00000000e+00  -3.69351601e-02  0.00000000e+00   0.00000000e+00   3.69351601e-02   0.00000000e+00   0.00000000e+00   -4.53960535e-18 
 1          83         20.93523452      1          1          3          -0.00000000e+00  1.84675800e-02   0.00000000e+00   0.00000000e+00   0.00000000e+00   0.00000000e+00   -1.84675800e-02  0.00000000e+00  
 1          84         21.98199625      1          1          1          -0.00000000e+00  1.89052437e-02   0.00000000e+00   0.00000000e+00   0.00000000e+00   0.00000000e+00   -1.89052437e-02  0.00000000e+00  
 1          84         21.98199625      1          1          2          -0.00000000e+00  -3.78104874e-02  0.00000000e+00   0.00000000e+00   3.78104874e-02   0.00000000e+00   0.00000000e+00   -4.76658562e-18 
 1          84         21.98199625      1          1          3          -0.00000000e+00  1.89052437e-02   0.00000000e+00   0.00000000e+00   0.00000000e+00   0.00000000e+00   -1.89052437e-02  0.00000000e+00  
 1          85         23.08109606      1          1          1          -0.00000000e+00  1.93541622e-02   0.00000000e+00   0.00000000e+00   0.00000000e+00   0.00000000e+00   -1.93541622e-02  0.00000000e+00  
 1          85         23.08109606      1          1          2          -0.00000000e+00  -3.87083244e-02  0.00000000e+00   0.00000000e+00   3.87083244e-02   0.00000000e+00   0.00000000e+00   0.00000000e+00  
 1          85         23.08109606      1          1          3          -0.00000000e+00  1.93541622e-02   0.00000000e+00   0.00000000e+00   0.00000000e+00   0.00000000e+00   -1.93541622e-02  0.00000000e+00  
 1          86         24.23515087      1          1          1          -0.00000000e+00  1.98146026e-02   0.00000000e+00   0.00000000e+00   0.00000000e+00   0.00000000e+00   -1.98146026e-02  0.00000000e+00  
 1          86         24.23515087      1          1          2          -0.00000000e+00  -3.96292053e-02  0.00000000e+00   0.00000000e+00   3.96292053e-02   0.00000000e+00   0.00000000e+00   0.00000000e+00  
 1          86         24.23515087      1          1          3          -0.00000000e+00  1.98146026e-02   0.00000000e+00   0.00000000e+00   0.00000000e+00   0.00000000e+00   -1.98146026e-02  0.00000000e+00  
 1          87         25.44690841      1          1          1          -0.00000000e+00  2.02868389e-02   0.00000000e+00   0.00000000e+00   0.00000000e+00   0.00000000e+00   -2.02868389e-02  0.00000000e+00  
 1          87         25.44690841      1          1          2          -0.00000000e+00  -4.05736778e-02  0.00000000e+00   0.00000000e+00   4.05736778e-02   0.00000000e+00   0.00000000e+00   0.00000000e+00  
 1          87         25.44690841      1          1          3          -0.00000000e+00  2.02868389e-02   0.00000000e+00   0.00000000e+00   0.00000000e+00   0.00000000e+00   -2.02868389e-02  0.00000000e+00  
 1          88         26.71925383      1          1          1          -0.00000000e+00  2.07711520e-02   0.00000000e+00   0.00000000e+00   0.00000000e+00   0.00000000e+00   -2.07711520e-02  0.00000000e+00  
 1          88         26.71925383      1          1          2          -0.00000000e+00  -4.15423040e-02  0.00000000e+00   0.00000000e+00   4.15423040e-02   0.00000000e+00   0.00000000e+00   5.79381461e-18  
 1          88         26.71925383      1          1          3          -0.00000000e+00  2.07711520e-02   0.00000000e+00   0.00000000e+00   0.00000000e+00   0.00000000e+00   -2.07711520e-02  0.00000000e+00  
 1          89         28.05521652      1          1          1          -0.00000000e+00  2.12678300e-02   0.00000000e+00   0.00000000e+00   0.00000000e+00   0.00000000e+00   -2.12678300e-02  0.00000000e+00  
 1          89         28.05521652      1          1          2          -0.00000000e+00  -4.25356600e-02  0.00000000e+00   0.00000000e+00   4.25356600e-02   0.00000000e+00   0.00000000e+00   6.08350534e-18  
 1          89         28.05521652      1          1          3          -0.00000000e+00  2.12678300e-02   0.00000000e+00   0.00000000e+00   0.00000000e+00   0.00000000e+00   -2.12678300e-02  0.00000000e+00  
 1          90         29.45797735      1          1          1          -0.00000000e+00  2.17771684e-02   0.00000000e+00   0.00000000e+00   0.00000000e+00   0.00000000e+00   -2.17771684e-02  0.00000000e+00  
 1          90         29.45797735      1          1          2          -0.00000000e+00  -4.35543369e-02  0.00000000e+00   0.00000000e+00   4.35543369e-02   0.00000000e+00   0.00000000e+00   0.00000000e+00  
 1          90         29.45797735      1          1          3          -0.00000000e+00  2.17771684e-02   0.00000000e+00   0.00000000e+00   0.00000000e+00   0.00000000e+00   -2.17771684e-02  0.00000000e+00  
 1          91         30.93087622      1          1          1          -0.00000000e+00  2.22994703e-02   0.00000000e+00   0.00000000e+00   0.00000000e+00   0.00000000e+00   -2.22994703e-02  0.00000000e+00  
 1          91         30.93087622      1          1          2          -0.00000000e+00  -4.45989406e-02  0.00000000e+00   0.00000000e+00   4.45989406e-02   0.00000000e+00   0.00000000e+00   0.00000000e+00  
 1          91         30.93087622      1          1          3          -0.00000000e+00  2.22994703e-02   0.00000000e+00   0.00000000e+00   0.00000000e+00   0.00000000e+00   -2.22994703e-02  0.00000000e+00  
 1          92         32.47742003      1          1          1          -0.00000000e+00  2.28350463e-02   0.00000000e+00   0.00000000e+00   0.00000000e+00   0.00000000e+00   -2.28350463e-02  0.00000000e+00  
 1          92         32.47742003      1          1          2          -0.00000000e+00  -4.56700927e-02  0.00000000e+00   0.00000000e+00   4.56700927e-02   0.00000000e+00   0.00000000e+00   0.00000000e+00  
 1          92         32.47742003      1          1          3          -0.00000000e+00  2.28350463e-02   0.00000000e+00   0.00000000e+00   0.00000000e+00   0.00000000e+00   -2.28350463e-02  0.00000000e+00  
 1          93         34.10129103      1          1          1          -0.00000000e+00  2.33842151e-02   0.00000000e+00   0.00000000e+00   0.00000000e+00   0.00000000e+00   -2.33842151e-02  0.00000000e+00  
 1          93         34.10129103      1          1          2          -0.00000000e+00  -4.67684303e-02  0.00000000e+00   0.00000000e+00   4.67684303e-02   0.00000000e+00   0.00000000e+00   0.00000000e+00  
 1          93         34.10129103      1          1          3          -0.00000000e+00  2.33842151e-02   0.00000000e+00   0.00000000e+00   0.00000000e+00   0.00000000e+00   -2.33842151e-02  0.00000000e+00  
 1          94         35.80635558      1          1          1          -0.00000000e+00  2.39473035e-02   0.00000000e+00   0.00000000e+00   0.00000000e+00   0.00000000e+00   -2.39473035e-02  0.00000000e+00  
 1          94         35.80635558      1          1          2          -0.00000000e+00  -4.78946069e-02  0.00000000e+00   0.00000000e+00   4.78946069e-02   0.00000000e+00   0.00000000e+00   -7.76426570e-18 
 1          94         35.80635558      1          1          3          -0.00000000e+00  2.39473035e-02   0.00000000e+00   0.00000000e+00   0.00000000e+00   0.00000000e+00   -2.39473035e-02  0.00000000e+00  
 1          95         37.59667336      1          1          1          -0.00000000e+00  2.45246463e-02   0.00000000e+00   0.00000000e+00   0.00000000e+00   0.00000000e+00   -2.45246463e-02  0.00000000e+00  
 1          95         37.59667336      1          1          2          -0.00000000e+00  -4.90492926e-02  0.00000000e+00   0.00000000e+00   4.90492926e-02   0.00000000e+00   0.00000000e+00   -8.15247899e-18 
 1          95         37.59667336      1          1          3          -0.00000000e+00  2.45246463e-02   0.00000000e+00   0.00000000e+00   0.00000000e+00   0.00000000e+00   -2.45246463e-02  0.00000000e+00  
 1          96         39.47650703      1          1          1          -0.00000000e+00  2.51165872e-02   0.00000000e+00   0.00000000e+00   0.00000000e+00   0.00000000e+00   -2.51165872e-02  0.00000000e+00  
 1          96         39.47650703      1          1          2          -0.00000000e+00  -5.02331743e-02  0.00000000e+00   0.00000000e+00   5.02331743e-02   0.00000000e+00   0.00000000e+00   0.00000000e+00  
 1          96         39.47650703      1          1          3          -0.00000000e+00  2.51165872e-02   0.00000000e+00   0.00000000e+00   0.00000000e+00   0.00000000e+00   -2.51165872e-02  0.00000000e+00  
 1          97         41.45033238      1          1          1          -0.00000000e+00  2.57234782e-02   0.00000000e+00   0.00000000e+00   0.00000000e+00   0.00000000e+00   -2.57234782e-02  0.00000000e+00  
 1          97         41.45033238      1          1          2          -0.00000000e+00  -5.14469564e-02  0.00000000e+00   0.00000000e+00   5.14469564e-02   0.00000000e+00   0.00000000e+00   -8.98810808e-18 
 1          97         41.45033238      1          1          3          -0.00000000e+00  2.57234782e-02   0.00000000e+00   0.00000000e+00   0.00000000e+00   0.00000000e+00   -2.57234782e-02  0.00000000e+00  
 1          98         43.52284900      1          1          1          -0.00000000e+00  2.63456805e-02   0.00000000e+00   0.00000000e+00   0.00000000e+00   0.00000000e+00   -2.63456805e-02  0.00000000e+00  
 1          98         43.52284900      1          1          2          -0.00000000e+00  -5.26913610e-02  0.00000000e+00   0.00000000e+00   5.26913610e-02   0.00000000e+00   0.00000000e+00   0.00000000e+00  
 1          98         43.52284900      1          1          3          -0.00000000e+00  2.63456805e-02   0.00000000e+00   0.00000000e+00   0.00000000e+00   0.00000000e+00   -2.63456805e-02  0.00000000e+00  
 1          99         45.69899145      1          1          1          -0.00000000e+00  2.69835643e-02   0.00000000e+00   0.00000000e+00   0.00000000e+00   0.00000000e+00   -2.69835643e-02  0.00000000e+00  
 1          99         45.69899145      1          1          2          -0.00000000e+00  -5.39671286e-02  0.00000000e+00   0.00000000e+00   5.39671286e-02   0.00000000e+00   0.00000000e+00   0.00000000e+00  
 1          99         45.69899145      1          1          3          -0.00000000e+00  2.69835643e-02   0.00000000e+00   0.00000000e+00   0.00000000e+00   0.00000000e+00   -2.69835643e-02  0.00000000e+00  
 1          100        47.98394102      1          1          1          -0.00000000e+00  2.76375091e-02   0.00000000e+00   0.00000000e+00   0.00000000e+00   0.00000000e+00   -2.76375091e-02  0.00000000e+00  
 1          100        47.98394102      1          1          2          -0.00000000e+00  -5.52750182e-02  0.00000000e+00   0.00000000e+00   5.52750182e-02   0.00000000e+00   0.00000000e+00   0.00000000e+00  
 1          100        47.98394102      1          1          3          -0.00000000e+00  2.76375091e-02   0.00000000e+00   0.00000000e+00   0.00000000e+00   0.00000000e+00   -2.76375091e-02  0.00000000e+00  
