 IPER  ISTEP           DLEN           ILYR    IROW   ICOL            XCORD               YCORD                      FlowX                    FlowY                   FlowZ
 1          1          0.38313807       1          1          1          0.50000000       -0.50000000      -2.88077185e-03  0.00000000e+00   0.00000000e+00  
 1          1          0.38313807       1          1          2          1.50000000       -0.50000000      2.88077185e-03   0.00000000e+00   0.00000000e+00  
 1          1          0.38313807       1          1          3          2.50000000       -0.50000000      0.00000000e+00   0.00000000e+00   0.00000000e+00  
 1          2          0.40229497       1          1          1          0.50000000       -0.50000000      -2.99111347e-03  0.00000000e+00   0.00000000e+00  
 1          2          0.40229497       1          1          2          1.50000000       -0.50000000      2.99111347e-03   0.00000000e+00   0.00000000e+00  
 1          2          0.40229497       1          1          3          2.50000000       -0.50000000      0.00000000e+00   0.00000000e+00   0.00000000e+00  
 1          3          0.42240972       1          1          1          0.50000000       -0.50000000      -3.10416103e-03  0.00000000e+00   0.00000000e+00  
 1          3          0.42240972       1          1          2          1.50000000       -0.50000000      3.10416103e-03   0.00000000e+00   0.00000000e+00  
 1          3          0.42240972       1          1          3          2.50000000       -0.50000000      0.00000000e+00   0.00000000e+00   0.00000000e+00  
 1          4          0.44353021       1          1          1          0.50000000       -0.50000000      -3.21984832e-03  0.00000000e+00   0.00000000e+00  
 1          4          0.44353021       1          1          2          1.50000000       -0.50000000      3.21984832e-03   0.00000000e+00   0.00000000e+00  
 1          4          0.44353021       1          1          3          2.50000000       -0.50000000      0.00000000e+00   0.00000000e+00   0.00000000e+00  
 1          5          0.46570672       1          1          1          0.50000000       -0.50000000      -3.33809600e-03  0.00000000e+00   0.00000000e+00  
 1          5          0.46570672       1          1          2          1.50000000       -0.50000000      3.33809600e-03   0.00000000e+00   0.00000000e+00  
 1          5          0.46570672       1          1          3          2.50000000       -0.50000000      0.00000000e+00   0.00000000e+00   0.00000000e+00  
 1          6          0.48899205       1          1          1          0.50000000       -0.50000000      -3.45881119e-03  0.00000000e+00   0.00000000e+00  
 1          6          0.48899205       1          1          2          1.50000000       -0.50000000      3.45881119e-03   0.00000000e+00   0.00000000e+00  
 1          6          0.48899205       1          1          3          2.50000000       -0.50000000      0.00000000e+00   0.00000000e+00   0.00000000e+00  
 1          7          0.51344166       1          1          1          0.50000000       -0.50000000      -3.58188708e-03  0.00000000e+00   0.00000000e+00  
 1          7          0.51344166       1          1          2          1.50000000       -0.50000000      3.58188708e-03   0.00000000e+00   0.00000000e+00  
 1          7          0.51344166       1          1          3          2.50000000       -0.50000000      0.00000000e+00   0.00000000e+00   0.00000000e+00  
 1          8          0.53911374       1          1          1          0.50000000       -0.50000000      -3.70720271e-03  0.00000000e+00   0.00000000e+00  
 1          8          0.53911374       1          1          2          1.50000000       -0.50000000      3.70720271e-03   0.00000000e+00   0.00000000e+00  
 1          8          0.53911374       1          1          3          2.50000000       -0.50000000      0.00000000e+00   0.00000000e+00   0.00000000e+00  
 1          9          0.56606943       1          1          1          0.50000000       -0.50000000      -3.83462289e-03  0.00000000e+00   0.00000000e+00  
 1          9          0.56606943       1          1          2          1.50000000       -0.50000000      3.83462289e-03   0.00000000e+00   0.00000000e+00  
 1          9          0.56606943       1          1          3          2.50000000       -0.50000000      0.00000000e+00   0.00000000e+00   0.00000000e+00  
 1          10         0.59437290       1          1          1          0.50000000       -0.50000000      -3.96399824e-03  0.00000000e+00   0.00000000e+00  
 1          10         0.59437290       1          1          2          1.50000000       -0.50000000      3.96399824e-03   0.00000000e+00   0.00000000e+00  
 1          10         0.59437290       1          1          3          2.50000000       -0.50000000      0.00000000e+00   0.00000000e+00   0.00000000e+00  
 1          11         0.62409154       1          1          1          0.50000000       -0.50000000      -4.09516550e-03  0.00000000e+00   0.00000000e+00  
 1          11         0.62409154       1          1          2          1.50000000       -0.50000000      4.09516550e-03   0.00000000e+00   0.00000000e+00  
 1          11         0.62409154       1          1          3          2.50000000       -0.50000000      0.00000000e+00   0.00000000e+00   0.00000000e+00  
 1          12         0.65529612       1          1          1          0.50000000       -0.50000000      -4.22794796e-03  0.00000000e+00   0.00000000e+00  
 1          12         0.65529612       1          1          2          1.50000000       -0.50000000      4.22794796e-03   0.00000000e+00   0.00000000e+00  
 1          12         0.65529612       1          1          3          2.50000000       -0.50000000      0.00000000e+00   0.00000000e+00   0.00000000e+00  
 1          13         0.68806093       1          1          1          0.50000000       -0.50000000      -4.36215621e-03  0.00000000e+00   0.00000000e+00  
 1          13         0.68806093       1          1          2          1.50000000       -0.50000000      4.36215621e-03   0.00000000e+00   0.00000000e+00  
 1          13         0.68806093       1          1          3          2.50000000       -0.50000000      0.00000000e+00   0.00000000e+00   0.00000000e+00  
 1          14         0.72246397       1          1          1          0.50000000       -0.50000000      -4.49758908e-03  0.00000000e+00   0.00000000e+00  
 1          14         0.72246397       1          1          2          1.50000000       -0.50000000      4.49758908e-03   0.00000000e+00   0.00000000e+00  
 1          14         0.72246397       1          1          3          2.50000000       -0.50000000      0.00000000e+00   0.00000000e+00   0.00000000e+00  
 1          15         0.75858717       1          1          1          0.50000000       -0.50000000      -4.63403491e-03  0.00000000e+00   0.00000000e+00  
 1          15         0.75858717       1          1          2          1.50000000       -0.50000000      4.63403491e-03   0.00000000e+00   0.00000000e+00  
 1          15         0.75858717       1          1          3          2.50000000       -0.50000000      0.00000000e+00   0.00000000e+00   0.00000000e+00  
 1          16         0.79651653       1          1          1          0.50000000       -0.50000000      -4.77127309e-03  0.00000000e+00   0.00000000e+00  
 1          16         0.79651653       1          1          2          1.50000000       -0.50000000      4.77127309e-03   0.00000000e+00   0.00000000e+00  
 1          16         0.79651653       1          1          3          2.50000000       -0.50000000      0.00000000e+00   0.00000000e+00   0.00000000e+00  
 1          17         0.83634236       1          1          1          0.50000000       -0.50000000      -4.90907594e-03  0.00000000e+00   0.00000000e+00  
 1          17         0.83634236       1          1          2          1.50000000       -0.50000000      4.90907594e-03   0.00000000e+00   0.00000000e+00  
 1          17         0.83634236       1          1          3          2.50000000       -0.50000000      0.00000000e+00   0.00000000e+00   0.00000000e+00  
 1          18         0.87815947       1          1          1          0.50000000       -0.50000000      -5.04721086e-03  0.00000000e+00   0.00000000e+00  
 1          18         0.87815947       1          1          2          1.50000000       -0.50000000      5.04721086e-03   0.00000000e+00   0.00000000e+00  
 1          18         0.87815947       1          1          3          2.50000000       -0.50000000      0.00000000e+00   0.00000000e+00   0.00000000e+00  
 1          19         0.92206745       1          1          1          0.50000000       -0.50000000      -5.18544289e-03  0.00000000e+00   0.00000000e+00  
 1          19         0.92206745       1          1          2          1.50000000       -0.50000000      5.18544289e-03   0.00000000e+00   0.00000000e+00  
 1          19         0.92206745       1          1          3          2.50000000       -0.50000000      0.00000000e+00   0.00000000e+00   0.00000000e+00  
 1          20         0.96817082       1          1          1          0.50000000       -0.50000000      -5.32353752e-03  0.00000000e+00   0.00000000e+00  
 1          20         0.96817082       1          1          2          1.50000000       -0.50000000      5.32353752e-03   0.00000000e+00   0.00000000e+00  
 1          20         0.96817082       1          1          3          2.50000000       -0.50000000      0.00000000e+00   0.00000000e+00   0.00000000e+00  
 1          21         1.01657936       1          1          1          0.50000000       -0.50000000      -5.46126384e-03  0.00000000e+00   0.00000000e+00  
 1          21         1.01657936       1          1          2          1.50000000       -0.50000000      5.46126384e-03   0.00000000e+00   0.00000000e+00  
 1          21         1.01657936       1          1          3          2.50000000       -0.50000000      0.00000000e+00   0.00000000e+00   0.00000000e+00  
 1          22         1.06740833       1          1          1          0.50000000       -0.50000000      -5.59839803e-03  0.00000000e+00   0.00000000e+00  
 1          22         1.06740833       1          1          2          1.50000000       -0.50000000      5.59839803e-03   0.00000000e+00   0.00000000e+00  
 1          22         1.06740833       1          1          3          2.50000000       -0.50000000      0.00000000e+00   0.00000000e+00   0.00000000e+00  
 1          23         1.12077875       1          1          1          0.50000000       -0.50000000      -5.73472702e-03  0.00000000e+00   0.00000000e+00  
 1          23         1.12077875       1          1          2          1.50000000       -0.50000000      5.73472702e-03   0.00000000e+00   0.00000000e+00  
 1          23         1.12077875       1          1          3          2.50000000       -0.50000000      0.00000000e+00   0.00000000e+00   0.00000000e+00  
 1          24         1.17681768       1          1          1          0.50000000       -0.50000000      -5.87005248e-03  0.00000000e+00   0.00000000e+00  
 1          24         1.17681768       1          1          2          1.50000000       -0.50000000      5.87005248e-03   0.00000000e+00   0.00000000e+00  
 1          24         1.17681768       1          1          3          2.50000000       -0.50000000      0.00000000e+00   0.00000000e+00   0.00000000e+00  
 1          25         1.23565857       1          1          1          0.50000000       -0.50000000      -6.00419487e-03  0.00000000e+00   0.00000000e+00  
 1          25         1.23565857       1          1          2          1.50000000       -0.50000000      6.00419487e-03   0.00000000e+00   0.00000000e+00  
 1          25         1.23565857       1          1          3          2.50000000       -0.50000000      0.00000000e+00   0.00000000e+00   0.00000000e+00  
 1          26         1.29744149       1          1          1          0.50000000       -0.50000000      -6.13699769e-03  0.00000000e+00   0.00000000e+00  
 1          26         1.29744149       1          1          2          1.50000000       -0.50000000      6.13699769e-03   0.00000000e+00   0.00000000e+00  
 1          26         1.29744149       1          1          3          2.50000000       -0.50000000      0.00000000e+00   0.00000000e+00   0.00000000e+00  
 1          27         1.36231357       1          1          1          0.50000000       -0.50000000      -6.26833165e-03  0.00000000e+00   0.00000000e+00  
 1          27         1.36231357       1          1          2          1.50000000       -0.50000000      6.26833165e-03   0.00000000e+00   0.00000000e+00  
 1          27         1.36231357       1          1          3          2.50000000       -0.50000000      0.00000000e+00   0.00000000e+00   0.00000000e+00  
 1          28         1.43042925       1          1          1          0.50000000       -0.50000000      -6.39809886e-03  0.00000000e+00   0.00000000e+00  
 1          28         1.43042925       1          1          2          1.50000000       -0.50000000      6.39809886e-03   0.00000000e+00   0.00000000e+00  
 1          28         1.43042925       1          1          3          2.50000000       -0.50000000      0.00000000e+00   0.00000000e+00   0.00000000e+00  
 1          29         1.50195071       1          1          1          0.50000000       -0.50000000      -6.52623681e-03  0.00000000e+00   0.00000000e+00  
 1          29         1.50195071       1          1          2          1.50000000       -0.50000000      6.52623681e-03   0.00000000e+00   0.00000000e+00  
 1          29         1.50195071       1          1          3          2.50000000       -0.50000000      0.00000000e+00   0.00000000e+00   0.00000000e+00  
 1          30         1.57704825       1          1          1          0.50000000       -0.50000000      -6.65272199e-03  0.00000000e+00   0.00000000e+00  
 1          30         1.57704825       1          1          2          1.50000000       -0.50000000      6.65272199e-03   0.00000000e+00   0.00000000e+00  
 1          30         1.57704825       1          1          3          2.50000000       -0.50000000      0.00000000e+00   0.00000000e+00   0.00000000e+00  
 1          31         1.65590066       1          1          1          0.50000000       -0.50000000      -6.77757324e-03  0.00000000e+00   0.00000000e+00  
 1          31         1.65590066       1          1          2          1.50000000       -0.50000000      6.77757324e-03   0.00000000e+00   0.00000000e+00  
 1          31         1.65590066       1          1          3          2.50000000       -0.50000000      0.00000000e+00   0.00000000e+00   0.00000000e+00  
 1          32         1.73869569       1          1          1          0.50000000       -0.50000000      -6.90085445e-03  0.00000000e+00   0.00000000e+00  
 1          32         1.73869569       1          1          2          1.50000000       -0.50000000      6.90085445e-03   0.00000000e+00   0.00000000e+00  
 1          32         1.73869569       1          1          3          2.50000000       -0.50000000      0.00000000e+00   0.00000000e+00   0.00000000e+00  
 1          33         1.82563048       1          1          1          0.50000000       -0.50000000      -7.02267670e-03  0.00000000e+00   0.00000000e+00  
 1          33         1.82563048       1          1          2          1.50000000       -0.50000000      7.02267670e-03   0.00000000e+00   0.00000000e+00  
 1          33         1.82563048       1          1          3          2.50000000       -0.50000000      0.00000000e+00   0.00000000e+00   0.00000000e+00  
 1          34         1.91691200       1          1          1          0.50000000       -0.50000000      -7.14319957e-03  0.00000000e+00   0.00000000e+00  
 1          34         1.91691200       1          1          2          1.50000000       -0.50000000      7.14319957e-03   0.00000000e+00   0.00000000e+00  
 1          34         1.91691200       1          1          3          2.50000000       -0.50000000      0.00000000e+00   0.00000000e+00   0.00000000e+00  
 1          35         2.01275760       1          1          1          0.50000000       -0.50000000      -7.26263161e-03  0.00000000e+00   0.00000000e+00  
 1          35         2.01275760       1          1          2          1.50000000       -0.50000000      7.26263161e-03   0.00000000e+00   0.00000000e+00  
 1          35         2.01275760       1          1          3          2.50000000       -0.50000000      0.00000000e+00   0.00000000e+00   0.00000000e+00  
 1          36         2.11339548       1          1          1          0.50000000       -0.50000000      -7.38122988e-03  0.00000000e+00   0.00000000e+00  
 1          36         2.11339548       1          1          2          1.50000000       -0.50000000      7.38122988e-03   0.00000000e+00   0.00000000e+00  
 1          36         2.11339548       1          1          3          2.50000000       -0.50000000      0.00000000e+00   0.00000000e+00   0.00000000e+00  
 1          37         2.21906525       1          1          1          0.50000000       -0.50000000      -7.49929845e-03  0.00000000e+00   0.00000000e+00  
 1          37         2.21906525       1          1          2          1.50000000       -0.50000000      7.49929845e-03   0.00000000e+00   0.00000000e+00  
 1          37         2.21906525       1          1          3          2.50000000       -0.50000000      0.00000000e+00   0.00000000e+00   0.00000000e+00  
 1          38         2.33001852       1          1          1          0.50000000       -0.50000000      -7.61718585e-03  0.00000000e+00   0.00000000e+00  
 1          38         2.33001852       1          1          2          1.50000000       -0.50000000      7.61718585e-03   0.00000000e+00   0.00000000e+00  
 1          38         2.33001852       1          1          3          2.50000000       -0.50000000      0.00000000e+00   0.00000000e+00   0.00000000e+00  
 1          39         2.44651944       1          1          1          0.50000000       -0.50000000      -7.73528147e-03  0.00000000e+00   0.00000000e+00  
 1          39         2.44651944       1          1          2          1.50000000       -0.50000000      7.73528147e-03   0.00000000e+00   0.00000000e+00  
 1          39         2.44651944       1          1          3          2.50000000       -0.50000000      0.00000000e+00   0.00000000e+00   0.00000000e+00  
 1          40         2.56884541       1          1          1          0.50000000       -0.50000000      -7.85401095e-03  0.00000000e+00   0.00000000e+00  
 1          40         2.56884541       1          1          2          1.50000000       -0.50000000      7.85401095e-03   0.00000000e+00   0.00000000e+00  
 1          40         2.56884541       1          1          3          2.50000000       -0.50000000      0.00000000e+00   0.00000000e+00   0.00000000e+00  
 1          41         2.69728768       1          1          1          0.50000000       -0.50000000      -7.97383066e-03  0.00000000e+00   0.00000000e+00  
 1          41         2.69728768       1          1          2          1.50000000       -0.50000000      7.97383066e-03   0.00000000e+00   0.00000000e+00  
 1          41         2.69728768       1          1          3          2.50000000       -0.50000000      0.00000000e+00   0.00000000e+00   0.00000000e+00  
 1          42         2.83215207       1          1          1          0.50000000       -0.50000000      -8.09522133e-03  0.00000000e+00   0.00000000e+00  
 1          42         2.83215207       1          1          2          1.50000000       -0.50000000      8.09522133e-03   0.00000000e+00   0.00000000e+00  
 1          42         2.83215207       1          1          3          2.50000000       -0.50000000      0.00000000e+00   0.00000000e+00   0.00000000e+00  
 1          43         2.97375967       1          1          1          0.50000000       -0.50000000      -8.21868100e-03  0.00000000e+00   0.00000000e+00  
 1          43         2.97375967       1          1          2          1.50000000       -0.50000000      8.21868100e-03   0.00000000e+00   0.00000000e+00  
 1          43         2.97375967       1          1          3          2.50000000       -0.50000000      0.00000000e+00   0.00000000e+00   0.00000000e+00  
 1          44         3.12244766       1          1          1          0.50000000       -0.50000000      -8.34471760e-03  0.00000000e+00   0.00000000e+00  
 1          44         3.12244766       1          1          2          1.50000000       -0.50000000      8.34471760e-03   0.00000000e+00   0.00000000e+00  
 1          44         3.12244766       1          1          3          2.50000000       -0.50000000      0.00000000e+00   0.00000000e+00   0.00000000e+00  
 1          45         3.27857004       1          1          1          0.50000000       -0.50000000      -8.47384122e-03  0.00000000e+00   0.00000000e+00  
 1          45         3.27857004       1          1          2          1.50000000       -0.50000000      8.47384122e-03   0.00000000e+00   0.00000000e+00  
 1          45         3.27857004       1          1          3          2.50000000       -0.50000000      0.00000000e+00   0.00000000e+00   0.00000000e+00  
 1          46         3.44249854       1          1          1          0.50000000       -0.50000000      -8.60655641e-03  0.00000000e+00   0.00000000e+00  
 1          46         3.44249854       1          1          2          1.50000000       -0.50000000      8.60655641e-03   0.00000000e+00   0.00000000e+00  
 1          46         3.44249854       1          1          3          2.50000000       -0.50000000      0.00000000e+00   0.00000000e+00   0.00000000e+00  
 1          47         3.61462347       1          1          1          0.50000000       -0.50000000      -8.74335477e-03  0.00000000e+00   0.00000000e+00  
 1          47         3.61462347       1          1          2          1.50000000       -0.50000000      8.74335477e-03   0.00000000e+00   0.00000000e+00  
 1          47         3.61462347       1          1          3          2.50000000       -0.50000000      0.00000000e+00   0.00000000e+00   0.00000000e+00  
 1          48         3.79535464       1          1          1          0.50000000       -0.50000000      -8.88470806e-03  0.00000000e+00   0.00000000e+00  
 1          48         3.79535464       1          1          2          1.50000000       -0.50000000      8.88470806e-03   0.00000000e+00   0.00000000e+00  
 1          48         3.79535464       1          1          3          2.50000000       -0.50000000      0.00000000e+00   0.00000000e+00   0.00000000e+00  
 1          49         3.98512237       1          1          1          0.50000000       -0.50000000      -9.03106213e-03  0.00000000e+00   0.00000000e+00  
 1          49         3.98512237       1          1          2          1.50000000       -0.50000000      9.03106213e-03   0.00000000e+00   0.00000000e+00  
 1          49         3.98512237       1          1          3          2.50000000       -0.50000000      0.00000000e+00   0.00000000e+00   0.00000000e+00  
 1          50         4.18437849       1          1          1          0.50000000       -0.50000000      -9.18283173e-03  0.00000000e+00   0.00000000e+00  
 1          50         4.18437849       1          1          2          1.50000000       -0.50000000      9.18283173e-03   0.00000000e+00   0.00000000e+00  
 1          50         4.18437849       1          1          3          2.50000000       -0.50000000      0.00000000e+00   0.00000000e+00   0.00000000e+00  
 1          51         4.39359742       1          1          1          0.50000000       -0.50000000      -9.34039663e-03  0.00000000e+00   0.00000000e+00  
 1          51         4.39359742       1          1          2          1.50000000       -0.50000000      9.34039663e-03   0.00000000e+00   0.00000000e+00  
 1          51         4.39359742       1          1          3          2.50000000       -0.50000000      0.00000000e+00   0.00000000e+00   0.00000000e+00  
 1          52         4.61327729       1          1          1          0.50000000       -0.50000000      -9.50409893e-03  0.00000000e+00   0.00000000e+00  
 1          52         4.61327729       1          1          2          1.50000000       -0.50000000      9.50409893e-03   0.00000000e+00   0.00000000e+00  
 1          52         4.61327729       1          1          3          2.50000000       -0.50000000      0.00000000e+00   0.00000000e+00   0.00000000e+00  
 1          53         4.84394115       1          1          1          0.50000000       -0.50000000      -9.67424172e-03  0.00000000e+00   0.00000000e+00  
 1          53         4.84394115       1          1          2          1.50000000       -0.50000000      9.67424172e-03   0.00000000e+00   0.00000000e+00  
 1          53         4.84394115       1          1          3          2.50000000       -0.50000000      0.00000000e+00   0.00000000e+00   0.00000000e+00  
 1          54         5.08613821       1          1          1          0.50000000       -0.50000000      -9.85108913e-03  0.00000000e+00   0.00000000e+00  
 1          54         5.08613821       1          1          2          1.50000000       -0.50000000      9.85108913e-03   0.00000000e+00   0.00000000e+00  
 1          54         5.08613821       1          1          3          2.50000000       -0.50000000      0.00000000e+00   0.00000000e+00   0.00000000e+00  
 1          55         5.34044512       1          1          1          0.50000000       -0.50000000      -1.00348676e-02  0.00000000e+00   0.00000000e+00  
 1          55         5.34044512       1          1          2          1.50000000       -0.50000000      1.00348676e-02   0.00000000e+00   0.00000000e+00  
 1          55         5.34044512       1          1          3          2.50000000       -0.50000000      0.00000000e+00   0.00000000e+00   0.00000000e+00  
 1          56         5.60746738       1          1          1          0.50000000       -0.50000000      -1.02257684e-02  0.00000000e+00   0.00000000e+00  
 1          56         5.60746738       1          1          2          1.50000000       -0.50000000      1.02257684e-02   0.00000000e+00   0.00000000e+00  
 1          56         5.60746738       1          1          3          2.50000000       -0.50000000      0.00000000e+00   0.00000000e+00   0.00000000e+00  
 1          57         5.88784074       1          1          1          0.50000000       -0.50000000      -1.04239511e-02  0.00000000e+00   0.00000000e+00  
 1          57         5.88784074       1          1          2          1.50000000       -0.50000000      1.04239511e-02   0.00000000e+00   0.00000000e+00  
 1          57         5.88784074       1          1          3          2.50000000       -0.50000000      0.00000000e+00   0.00000000e+00   0.00000000e+00  
 1          58         6.18223278       1          1          1          0.50000000       -0.50000000      -1.06295473e-02  0.00000000e+00   0.00000000e+00  
 1          58         6.18223278       1          1          2          1.50000000       -0.50000000      1.06295473e-02   0.00000000e+00   0.00000000e+00  
 1          58         6.18223278       1          1          3          2.50000000       -0.50000000      0.00000000e+00   0.00000000e+00   0.00000000e+00  
 1          59         6.49134442       1          1          1          0.50000000       -0.50000000      -1.08426662e-02  0.00000000e+00   0.00000000e+00  
 1          59         6.49134442       1          1          2          1.50000000       -0.50000000      1.08426662e-02   0.00000000e+00   0.00000000e+00  
 1          59         6.49134442       1          1          3          2.50000000       -0.50000000      0.00000000e+00   0.00000000e+00   0.00000000e+00  
 1          60         6.81591164       1          1          1          0.50000000       -0.50000000      -1.10633987e-02  0.00000000e+00   0.00000000e+00  
 1          60         6.81591164       1          1          2          1.50000000       -0.50000000      1.10633987e-02   0.00000000e+00   0.00000000e+00  
 1          60         6.81591164       1          1          3          2.50000000       -0.50000000      0.00000000e+00   0.00000000e+00   0.00000000e+00  
 1          61         7.15670722       1          1          1          0.50000000       -0.50000000      -1.12918229e-02  0.00000000e+00   0.00000000e+00  
 1          61         7.15670722       1          1          2          1.50000000       -0.50000000      1.12918229e-02   0.00000000e+00   0.00000000e+00  
 1          61         7.15670722       1          1          3          2.50000000       -0.50000000      0.00000000e+00   0.00000000e+00   0.00000000e+00  
 1          62         7.51454258       1          1          1          0.50000000       -0.50000000      -1.15280088e-02  0.00000000e+00   0.00000000e+00  
 1          62         7.51454258       1          1          2          1.50000000       -0.50000000      1.15280088e-02   0.00000000e+00   0.00000000e+00  
 1          62         7.51454258       1          1          3          2.50000000       -0.50000000      0.00000000e+00   0.00000000e+00   0.00000000e+00  
 1          63         7.89026971       1          1          1          0.50000000       -0.50000000      -1.17720224e-02  0.00000000e+00   0.00000000e+00  
 1          63         7.89026971       1          1          2          1.50000000       -0.50000000      1.17720224e-02   0.00000000e+00   0.00000000e+00  
 1          63         7.89026971       1          1          3          2.50000000       -0.50000000      0.00000000e+00   0.00000000e+00   0.00000000e+00  
 1          64         8.28478320       1          1          1          0.50000000       -0.50000000      -1.20239303e-02  0.00000000e+00   0.00000000e+00  
 1          64         8.28478320       1          1          2          1.50000000       -0.50000000      1.20239303e-02   0.00000000e+00   0.00000000e+00  
 1          64         8.28478320       1          1          3          2.50000000       -0.50000000      0.00000000e+00   0.00000000e+00   0.00000000e+00  
 1          65         8.69902236       1          1          1          0.50000000       -0.50000000      -1.22838023e-02  0.00000000e+00   0.00000000e+00  
 1          65         8.69902236       1          1          2          1.50000000       -0.50000000      1.22838023e-02   0.00000000e+00   0.00000000e+00  
 1          65         8.69902236       1          1          3          2.50000000       -0.50000000      0.00000000e+00   0.00000000e+00   0.00000000e+00  
 1          66         9.13397348       1          1          1          0.50000000       -0.50000000      -1.25517146e-02  0.00000000e+00   0.00000000e+00  
 1          66         9.13397348       1          1          2          1.50000000       -0.50000000      1.25517146e-02   0.00000000e+00   0.00000000e+00  
 1          66         9.13397348       1          1          3          2.50000000       -0.50000000      0.00000000e+00   0.00000000e+00   0.00000000e+00  
 1          67         9.59067215       1          1          1          0.50000000       -0.50000000      -1.28277516e-02  0.00000000e+00   0.00000000e+00  
 1          67         9.59067215       1          1          2          1.50000000       -0.50000000      1.28277516e-02   0.00000000e+00   0.00000000e+00  
 1          67         9.59067215       1          1          3          2.50000000       -0.50000000      0.00000000e+00   0.00000000e+00   0.00000000e+00  
 1          68         10.07020576      1          1          1          0.50000000       -0.50000000      -1.31120075e-02  0.00000000e+00   0.00000000e+00  
 1          68         10.07020576      1          1          2          1.50000000       -0.50000000      1.31120075e-02   0.00000000e+00   0.00000000e+00  
 1          68         10.07020576      1          1          3          2.50000000       -0.50000000      0.00000000e+00   0.00000000e+00   0.00000000e+00  
 1          69         10.57371605      1          1          1          0.50000000       -0.50000000      -1.34045868e-02  0.00000000e+00   0.00000000e+00  
 1          69         10.57371605      1          1          2          1.50000000       -0.50000000      1.34045868e-02   0.00000000e+00   0.00000000e+00  
 1          69         10.57371605      1          1          3          2.50000000       -0.50000000      0.00000000e+00   0.00000000e+00   0.00000000e+00  
 1          70         11.10240185      1          1          1          0.50000000       -0.50000000      -1.37056055e-02  0.00000000e+00   0.00000000e+00  
 1          70         11.10240185      1          1          2          1.50000000       -0.50000000      1.37056055e-02   0.00000000e+00   0.00000000e+00  
 1          70         11.10240185      1          1          3          2.50000000       -0.50000000      0.00000000e+00   0.00000000e+00   0.00000000e+00  
 1          71         11.65752194      1          1          1          0.50000000       -0.50000000      -1.40151906e-02  0.00000000e+00   0.00000000e+00  
 1          71         11.65752194      1          1          2          1.50000000       -0.50000000      1.40151906e-02   0.00000000e+00   0.00000000e+00  
 1          71         11.65752194      1          1          3          2.50000000       -0.50000000      0.00000000e+00   0.00000000e+00   0.00000000e+00  
 1          72         12.24039804      1          1          1          0.50000000       -0.50000000      -1.43334801e-02  0.00000000e+00   0.00000000e+00  
 1          72         12.24039804      1          1          2          1.50000000       -0.50000000      1.43334801e-02   0.00000000e+00   0.00000000e+00  
 1          72         12.24039804      1          1          3          2.50000000       -0.50000000      0.00000000e+00   0.00000000e+00   0.00000000e+00  
 1          73         12.85241794      1          1          1          0.50000000       -0.50000000      -1.46606230e-02  0.00000000e+00   0.00000000e+00  
 1          73         12.85241794      1          1          2          1.50000000       -0.50000000      1.46606230e-02   0.00000000e+00   0.00000000e+00  
 1          73         12.85241794      1          1          3          2.50000000       -0.50000000      0.00000000e+00   0.00000000e+00   0.00000000e+00  
 1          74         13.49503884      1          1          1          0.50000000       -0.50000000      -1.49967783e-02  0.00000000e+00   0.00000000e+00  
 1          74         13.49503884      1          1          2          1.50000000       -0.50000000      1.49967783e-02   0.00000000e+00   0.00000000e+00  
 1          74         13.49503884      1          1          3          2.50000000       -0.50000000      0.00000000e+00   0.00000000e+00   0.00000000e+00  
 1          75         14.16979078      1          1          1          0.50000000       -0.50000000      -1.53421149e-02  0.00000000e+00   0.00000000e+00  
 1          75         14.16979078      1          1          2          1.50000000       -0.50000000      1.53421149e-02   0.00000000e+00   0.00000000e+00  
 1          75         14.16979078      1          1          3          2.50000000       -0.50000000      0.00000000e+00   0.00000000e+00   0.00000000e+00  
 1          76         14.87828032      1          1          1          0.50000000       -0.50000000      -1.56968111e-02  0.00000000e+00   0.00000000e+00  
 1          76         14.87828032      1          1          2          1.50000000       -0.50000000      1.56968111e-02   0.00000000e+00   0.00000000e+00  
 1          76         14.87828032      1          1          3          2.50000000       -0.50000000      0.00000000e+00   0.00000000e+00   0.00000000e+00  
 1          77         15.62219433      1          1          1          0.50000000       -0.50000000      -1.60610538e-02  0.00000000e+00   0.00000000e+00  
 1          77         15.62219433      1          1          2          1.50000000       -0.50000000      1.60610538e-02   0.00000000e+00   0.00000000e+00  
 1          77         15.62219433      1          1          3          2.50000000       -0.50000000      0.00000000e+00   0.00000000e+00   0.00000000e+00  
 1          78         16.40330405      1          1          1          0.50000000       -0.50000000      -1.64350382e-02  0.00000000e+00   0.00000000e+00  
 1          78         16.40330405      1          1          2          1.50000000       -0.50000000      1.64350382e-02   0.00000000e+00   0.00000000e+00  
 1          78         16.40330405      1          1          3          2.50000000       -0.50000000      0.00000000e+00   0.00000000e+00   0.00000000e+00  
 1          79         17.22346925      1          1          1          0.50000000       -0.50000000      -1.68189673e-02  0.00000000e+00   0.00000000e+00  
 1          79         17.22346925      1          1          2          1.50000000       -0.50000000      1.68189673e-02   0.00000000e+00   0.00000000e+00  
 1          79         17.22346925      1          1          3          2.50000000       -0.50000000      0.00000000e+00   0.00000000e+00   0.00000000e+00  
 1          80         18.08464272      1          1          1          0.50000000       -0.50000000      -1.72130511e-02  0.00000000e+00   0.00000000e+00  
 1          80         18.08464272      1          1          2          1.50000000       -0.50000000      1.72130511e-02   0.00000000e+00   0.00000000e+00  
 1          80         18.08464272      1          1          3          2.50000000       -0.50000000      0.00000000e+00   0.00000000e+00   0.00000000e+00  
 1          81         18.98887485      1          1          1          0.50000000       -0.50000000      -1.76175060e-02  0.00000000e+00   0.00000000e+00  
 1          81         18.98887485      1          1          2          1.50000000       -0.50000000      1.76175060e-02   0.00000000e+00   0.00000000e+00  
 1          81         18.98887485      1          1          3          2.50000000       -0.50000000      0.00000000e+00   0.00000000e+00   0.00000000e+00  
 1          82         19.93831860      1          1          1          0.50000000       -0.50000000      -1.80325538e-02  0.00000000e+00   0.00000000e+00  
 1          82         19.93831860      1          1          2          1.50000000       -0.50000000      1.80325538e-02   0.00000000e+00   0.00000000e+00  
 1          82         19.93831860      1          1          3          2.50000000       -0.50000000      0.00000000e+00   0.00000000e+00   0.00000000e+00  
 1          83         20.93523452      1          1          1          0.50000000       -0.50000000      -1.84584207e-02  0.00000000e+00   0.00000000e+00  
 1          83         20.93523452      1          1          2          1.50000000       -0.50000000      1.84584207e-02   0.00000000e+00   0.00000000e+00  
 1          83         20.93523452      1          1          3          2.50000000       -0.50000000      0.00000000e+00   0.00000000e+00   0.00000000e+00  
 1          84         21.98199625      1          1          1          0.50000000       -0.50000000      -1.88953350e-02  0.00000000e+00   0.00000000e+00  
 1          84         21.98199625      1          1          2          1.50000000       -0.50000000      1.88953350e-02   0.00000000e+00   0.00000000e+00  
 1          84         21.98199625      1          1          3          2.50000000       -0.50000000      0.00000000e+00   0.00000000e+00   0.00000000e+00  
 1          85         23.08109606      1          1          1          0.50000000       -0.50000000      -1.93435256e-02  0.00000000e+00   0.00000000e+00  
 1          85         23.08109606      1          1          2          1.50000000       -0.50000000      1.93435256e-02   0.00000000e+00   0.00000000e+00  
 1          85         23.08109606      1          1          3          2.50000000       -0.50000000      0.00000000e+00   0.00000000e+00   0.00000000e+00  
 1          86         24.23515087      1          1          1          0.50000000       -0.50000000      -1.98032179e-02  0.00000000e+00   0.00000000e+00  
 1          86         24.23515087      1          1          2          1.50000000       -0.50000000      1.98032179e-02   0.00000000e+00   0.00000000e+00  
 1          86         24.23515087      1          1          3          2.50000000       -0.50000000      0.00000000e+00   0.00000000e+00   0.00000000e+00  
 1          87         25.44690841      1          1          1          0.50000000       -0.50000000      -2.02746302e-02  0.00000000e+00   0.00000000e+00  
 1          87         25.44690841      1          1          2          1.50000000       -0.50000000      2.02746302e-02   0.00000000e+00   0.00000000e+00  
 1          87         25.44690841      1          1          3          2.50000000       -0.50000000      0.00000000e+00   0.00000000e+00   0.00000000e+00  
 1          88         26.71925383      1          1          1          0.50000000       -0.50000000      -2.07579675e-02  0.00000000e+00   0.00000000e+00  
 1          88         26.71925383      1          1          2          1.50000000       -0.50000000      2.07579675e-02   0.00000000e+00   0.00000000e+00  
 1          88         26.71925383      1          1          3          2.50000000       -0.50000000      0.00000000e+00   0.00000000e+00   0.00000000e+00  
 1          89         28.05521652      1          1          1          0.50000000       -0.50000000      -2.12534141e-02  0.00000000e+00   0.00000000e+00  
 1          89         28.05521652      1          1          2          1.50000000       -0.50000000      2.12534141e-02   0.00000000e+00   0.00000000e+00  
 1          89         28.05521652      1          1          3          2.50000000       -0.50000000      0.00000000e+00   0.00000000e+00   0.00000000e+00  
 1          90         29.45797735      1          1          1          0.50000000       -0.50000000      -2.17611245e-02  0.00000000e+00   0.00000000e+00  
 1          90         29.45797735      1          1          2          1.50000000       -0.50000000      2.17611245e-02   0.00000000e+00   0.00000000e+00  
 1          90         29.45797735      1          1          3          2.50000000       -0.50000000      0.00000000e+00   0.00000000e+00   0.00000000e+00  
 1          91         30.93087622      1          1          1          0.50000000       -0.50000000      -2.22812108e-02  0.00000000e+00   0.00000000e+00  
 1          91         30.93087622      1          1          2          1.50000000       -0.50000000      2.22812108e-02   0.00000000e+00   0.00000000e+00  
 1          91         30.93087622      1          1          3          2.50000000       -0.50000000      0.00000000e+00   0.00000000e+00   0.00000000e+00  
 1          92         32.47742003      1          1          1          0.50000000       -0.50000000      -2.28137284e-02  0.00000000e+00   0.00000000e+00  
 1          92         32.47742003      1          1          2          1.50000000       -0.50000000      2.28137284e-02   0.00000000e+00   0.00000000e+00  
 1          92         32.47742003      1          1          3          2.50000000       -0.50000000      0.00000000e+00   0.00000000e+00   0.00000000e+00  
 1          93         34.10129103      1          1          1          0.50000000       -0.50000000      -2.33586585e-02  0.00000000e+00   0.00000000e+00  
 1          93         34.10129103      1          1          2          1.50000000       -0.50000000      2.33586585e-02   0.00000000e+00   0.00000000e+00  
 1          93         34.10129103      1          1          3          2.50000000       -0.50000000      0.00000000e+00   0.00000000e+00   0.00000000e+00  
 1          94         35.80635558      1          1          1          0.50000000       -0.50000000      -2.39158872e-02  0.00000000e+00   0.00000000e+00  
 1          94         35.80635558      1          1          2          1.50000000       -0.50000000      2.39158872e-02   0.00000000e+00   0.00000000e+00  
 1          94         35.80635558      1          1          3          2.50000000       -0.50000000      0.00000000e+00   0.00000000e+00   0.00000000e+00  
 1          95         37.59667336      1          1          1          0.50000000       -0.50000000      -2.44851817e-02  0.00000000e+00   0.00000000e+00  
 1          95         37.59667336      1          1          2          1.50000000       -0.50000000      2.44851817e-02   0.00000000e+00   0.00000000e+00  
 1          95         37.59667336      1          1          3          2.50000000       -0.50000000      0.00000000e+00   0.00000000e+00   0.00000000e+00  
 1          96         39.47650703      1          1          1          0.50000000       -0.50000000      -2.50661639e-02  0.00000000e+00   0.00000000e+00  
 1          96         39.47650703      1          1          2          1.50000000       -0.50000000      2.50661639e-02   0.00000000e+00   0.00000000e+00  
 1          96         39.47650703      1          1          3          2.50000000       -0.50000000      0.00000000e+00   0.00000000e+00   0.00000000e+00  
 1          97         41.45033238      1          1          1          0.50000000       -0.50000000      -2.56582804e-02  0.00000000e+00   0.00000000e+00  
 1          97         41.45033238      1          1          2          1.50000000       -0.50000000      2.56582804e-02   0.00000000e+00   0.00000000e+00  
 1          97         41.45033238      1          1          3          2.50000000       -0.50000000      0.00000000e+00   0.00000000e+00   0.00000000e+00  
 1          98         43.52284900      1          1          1          0.50000000       -0.50000000      -2.62607719e-02  0.00000000e+00   0.00000000e+00  
 1          98         43.52284900      1          1          2          1.50000000       -0.50000000      2.62607719e-02   0.00000000e+00   0.00000000e+00  
 1          98         43.52284900      1          1          3          2.50000000       -0.50000000      0.00000000e+00   0.00000000e+00   0.00000000e+00  
 1          99         45.69899145      1          1          1          0.50000000       -0.50000000      -2.68726400e-02  0.00000000e+00   0.00000000e+00  
 1          99         45.69899145      1          1          2          1.50000000       -0.50000000      2.68726400e-02   0.00000000e+00   0.00000000e+00  
 1          99         45.69899145      1          1          3          2.50000000       -0.50000000      0.00000000e+00   0.00000000e+00   0.00000000e+00  
 1          100        47.98394102      1          1          1          0.50000000       -0.50000000      -2.74926148e-02  0.00000000e+00   0.00000000e+00  
 1          100        47.98394102      1          1          2          1.50000000       -0.50000000      2.74926148e-02   0.00000000e+00   0.00000000e+00  
 1          100        47.98394102      1          1          3          2.50000000       -0.50000000      0.00000000e+00   0.00000000e+00   0.00000000e+00  
