 IPER  ISTEP           DLEN           ILYR    IROW   ICOL                     STA                     FBC                     CST                     IBE                     IBV                     WST                     CNH                     ABER
 1          1          0.38313807       1          1          1          -0.00000000e+00  2.88077185e-03   0.00000000e+00   0.00000000e+00   0.00000000e+00   0.00000000e+00   -2.88077185e-03  0.00000000e+00  
 1          1          0.38313807       1          1          2          -0.00000000e+00  -5.76154371e-03  0.00000000e+00   0.00000000e+00   5.76154371e-03   0.00000000e+00   0.00000000e+00   0.00000000e+00  
 1          1          0.38313807       1          1          3          -0.00000000e+00  2.88077185e-03   0.00000000e+00   0.00000000e+00   0.00000000e+00   0.00000000e+00   -2.88077185e-03  0.00000000e+00  
 1          2          0.40229497       1          1          1          -0.00000000e+00  2.99111347e-03   0.00000000e+00   0.00000000e+00   0.00000000e+00   0.00000000e+00   -2.99111347e-03  0.00000000e+00  
 1          2          0.40229497       1          1          2          -0.00000000e+00  -5.98222694e-03  0.00000000e+00   0.00000000e+00   5.98222694e-03   0.00000000e+00   0.00000000e+00   0.00000000e+00  
 1          2          0.40229497       1          1          3          -0.00000000e+00  2.99111347e-03   0.00000000e+00   0.00000000e+00   0.00000000e+00   0.00000000e+00   -2.99111347e-03  0.00000000e+00  
 1          3          0.42240972       1          1          1          -0.00000000e+00  3.10416103e-03   0.00000000e+00   0.00000000e+00   0.00000000e+00   0.00000000e+00   -3.10416103e-03  0.00000000e+00  
 1          3          0.42240972       1          1          2          -0.00000000e+00  -6.20832206e-03  0.00000000e+00   1.83168911e-17   6.20832206e-03   0.00000000e+00   0.00000000e+00   7.32764061e-19  
 1          3          0.42240972       1          1          3          -0.00000000e+00  3.10416103e-03   0.00000000e+00   0.00000000e+00   0.00000000e+00   0.00000000e+00   -3.10416103e-03  0.00000000e+00  
 1          4          0.44353021       1          1          1          -0.00000000e+00  3.21984832e-03   0.00000000e+00   0.00000000e+00   0.00000000e+00   0.00000000e+00   -3.21984832e-03  0.00000000e+00  
 1          4          0.44353021       1          1          2          -0.00000000e+00  -6.43969664e-03  0.00000000e+00   0.00000000e+00   6.43969664e-03   0.00000000e+00   0.00000000e+00   0.00000000e+00  
 1          4          0.44353021       1          1          3          -0.00000000e+00  3.21984832e-03   0.00000000e+00   0.00000000e+00   0.00000000e+00   0.00000000e+00   -3.21984832e-03  0.00000000e+00  
 1          5          0.46570672       1          1          1          -0.00000000e+00  3.33809600e-03   0.00000000e+00   0.00000000e+00   0.00000000e+00   0.00000000e+00   -3.33809600e-03  0.00000000e+00  
 1          5          0.46570672       1          1          2          -0.00000000e+00  -6.67619200e-03  0.00000000e+00   0.00000000e+00   6.67619200e-03   0.00000000e+00   0.00000000e+00   0.00000000e+00  
 1          5          0.46570672       1          1          3          -0.00000000e+00  3.33809600e-03   0.00000000e+00   0.00000000e+00   0.00000000e+00   0.00000000e+00   -3.33809600e-03  0.00000000e+00  
 1          6          0.48899205       1          1          1          -0.00000000e+00  3.45881119e-03   0.00000000e+00   0.00000000e+00   0.00000000e+00   0.00000000e+00   -3.45881119e-03  0.00000000e+00  
 1          6          0.48899205       1          1          2          -0.00000000e+00  -6.91762238e-03  0.00000000e+00   0.00000000e+00   6.91762238e-03   0.00000000e+00   0.00000000e+00   0.00000000e+00  
 1          6          0.48899205       1          1          3          -0.00000000e+00  3.45881119e-03   0.00000000e+00   0.00000000e+00   0.00000000e+00   0.00000000e+00   -3.45881119e-03  0.00000000e+00  
 1          7          0.51344166       1          1          1          -0.00000000e+00  3.58188708e-03   0.00000000e+00   0.00000000e+00   0.00000000e+00   0.00000000e+00   -3.58188708e-03  0.00000000e+00  
 1          7          0.51344166       1          1          2          -0.00000000e+00  -7.16377416e-03  0.00000000e+00   0.00000000e+00   7.16377416e-03   0.00000000e+00   0.00000000e+00   0.00000000e+00  
 1          7          0.51344166       1          1          3          -0.00000000e+00  3.58188708e-03   0.00000000e+00   0.00000000e+00   0.00000000e+00   0.00000000e+00   -3.58188708e-03  0.00000000e+00  
 1          8          0.53911374       1          1          1          -0.00000000e+00  3.70720271e-03   0.00000000e+00   0.00000000e+00   0.00000000e+00   0.00000000e+00   -3.70720271e-03  0.00000000e+00  
 1          8          0.53911374       1          1          2          -0.00000000e+00  -7.41440542e-03  0.00000000e+00   0.00000000e+00   7.41440542e-03   0.00000000e+00   0.00000000e+00   0.00000000e+00  
 1          8          0.53911374       1          1          3          -0.00000000e+00  3.70720271e-03   0.00000000e+00   0.00000000e+00   0.00000000e+00   0.00000000e+00   -3.70720271e-03  0.00000000e+00  
 1          9          0.56606943       1          1          1          -0.00000000e+00  3.83462289e-03   0.00000000e+00   0.00000000e+00   0.00000000e+00   0.00000000e+00   -3.83462289e-03  0.00000000e+00  
 1          9          0.56606943       1          1          2          -0.00000000e+00  -7.66924577e-03  0.00000000e+00   0.00000000e+00   7.66924577e-03   0.00000000e+00   0.00000000e+00   9.81973923e-19  
 1          9          0.56606943       1          1          3          -0.00000000e+00  3.83462289e-03   0.00000000e+00   0.00000000e+00   0.00000000e+00   0.00000000e+00   -3.83462289e-03  0.00000000e+00  
 1          10         0.59437290       1          1          1          -0.00000000e+00  3.96399824e-03   0.00000000e+00   0.00000000e+00   0.00000000e+00   0.00000000e+00   -3.96399824e-03  0.00000000e+00  
 1          10         0.59437290       1          1          2          -0.00000000e+00  -7.92799648e-03  0.00000000e+00   0.00000000e+00   7.92799648e-03   0.00000000e+00   0.00000000e+00   1.03107262e-18  
 1          10         0.59437290       1          1          3          -0.00000000e+00  3.96399824e-03   0.00000000e+00   0.00000000e+00   0.00000000e+00   0.00000000e+00   -3.96399824e-03  0.00000000e+00  
 1          11         0.62409154       1          1          1          -0.00000000e+00  4.09516550e-03   0.00000000e+00   0.00000000e+00   0.00000000e+00   0.00000000e+00   -4.09516550e-03  0.00000000e+00  
 1          11         0.62409154       1          1          2          -0.00000000e+00  -8.19033100e-03  0.00000000e+00   0.00000000e+00   8.19033100e-03   0.00000000e+00   0.00000000e+00   0.00000000e+00  
 1          11         0.62409154       1          1          3          -0.00000000e+00  4.09516550e-03   0.00000000e+00   0.00000000e+00   0.00000000e+00   0.00000000e+00   -4.09516550e-03  0.00000000e+00  
 1          12         0.65529612       1          1          1          -0.00000000e+00  4.22794796e-03   0.00000000e+00   0.00000000e+00   0.00000000e+00   0.00000000e+00   -4.22794796e-03  0.00000000e+00  
 1          12         0.65529612       1          1          2          -0.00000000e+00  -8.45589593e-03  0.00000000e+00   0.00000000e+00   8.45589593e-03   0.00000000e+00   0.00000000e+00   1.13675756e-18  
 1          12         0.65529612       1          1          3          -0.00000000e+00  4.22794796e-03   0.00000000e+00   0.00000000e+00   0.00000000e+00   0.00000000e+00   -4.22794796e-03  0.00000000e+00  
 1          13         0.68806093       1          1          1          -0.00000000e+00  4.36215621e-03   0.00000000e+00   0.00000000e+00   0.00000000e+00   0.00000000e+00   -4.36215621e-03  0.00000000e+00  
 1          13         0.68806093       1          1          2          -0.00000000e+00  -8.72431243e-03  0.00000000e+00   0.00000000e+00   8.72431243e-03   0.00000000e+00   0.00000000e+00   0.00000000e+00  
 1          13         0.68806093       1          1          3          -0.00000000e+00  4.36215621e-03   0.00000000e+00   0.00000000e+00   0.00000000e+00   0.00000000e+00   -4.36215621e-03  0.00000000e+00  
 1          14         0.72246397       1          1          1          -0.00000000e+00  4.49758908e-03   0.00000000e+00   0.00000000e+00   0.00000000e+00   0.00000000e+00   -4.49758908e-03  0.00000000e+00  
 1          14         0.72246397       1          1          2          -0.00000000e+00  -8.99517816e-03  0.00000000e+00   0.00000000e+00   8.99517816e-03   0.00000000e+00   0.00000000e+00   0.00000000e+00  
 1          14         0.72246397       1          1          3          -0.00000000e+00  4.49758908e-03   0.00000000e+00   0.00000000e+00   0.00000000e+00   0.00000000e+00   -4.49758908e-03  0.00000000e+00  
 1          15         0.75858717       1          1          1          -0.00000000e+00  4.63403491e-03   0.00000000e+00   0.00000000e+00   0.00000000e+00   0.00000000e+00   -4.63403491e-03  0.00000000e+00  
 1          15         0.75858717       1          1          2          -0.00000000e+00  -9.26806982e-03  0.00000000e+00   0.00000000e+00   9.26806982e-03   0.00000000e+00   0.00000000e+00   0.00000000e+00  
 1          15         0.75858717       1          1          3          -0.00000000e+00  4.63403491e-03   0.00000000e+00   0.00000000e+00   0.00000000e+00   0.00000000e+00   -4.63403491e-03  0.00000000e+00  
 1          16         0.79651653       1          1          1          -0.00000000e+00  4.77127309e-03   0.00000000e+00   0.00000000e+00   0.00000000e+00   0.00000000e+00   -4.77127309e-03  0.00000000e+00  
 1          16         0.79651653       1          1          2          -0.00000000e+00  -9.54254619e-03  0.00000000e+00   6.10563038e-18   9.54254619e-03   0.00000000e+00   0.00000000e+00   0.00000000e+00  
 1          16         0.79651653       1          1          3          -0.00000000e+00  4.77127309e-03   0.00000000e+00   0.00000000e+00   0.00000000e+00   0.00000000e+00   -4.77127309e-03  0.00000000e+00  
 1          17         0.83634236       1          1          1          -0.00000000e+00  4.90907594e-03   0.00000000e+00   0.00000000e+00   0.00000000e+00   0.00000000e+00   -4.90907594e-03  0.00000000e+00  
 1          17         0.83634236       1          1          2          -0.00000000e+00  -9.81815188e-03  0.00000000e+00   0.00000000e+00   9.81815188e-03   0.00000000e+00   0.00000000e+00   0.00000000e+00  
 1          17         0.83634236       1          1          3          -0.00000000e+00  4.90907594e-03   0.00000000e+00   0.00000000e+00   0.00000000e+00   0.00000000e+00   -4.90907594e-03  0.00000000e+00  
 1          18         0.87815947       1          1          1          -0.00000000e+00  5.04721086e-03   0.00000000e+00   0.00000000e+00   0.00000000e+00   0.00000000e+00   -5.04721086e-03  0.00000000e+00  
 1          18         0.87815947       1          1          2          -0.00000000e+00  -1.00944217e-02  0.00000000e+00   0.00000000e+00   1.00944217e-02   0.00000000e+00   0.00000000e+00   0.00000000e+00  
 1          18         0.87815947       1          1          3          -0.00000000e+00  5.04721086e-03   0.00000000e+00   0.00000000e+00   0.00000000e+00   0.00000000e+00   -5.04721086e-03  0.00000000e+00  
 1          19         0.92206745       1          1          1          -0.00000000e+00  5.18544289e-03   0.00000000e+00   0.00000000e+00   0.00000000e+00   0.00000000e+00   -5.18544289e-03  0.00000000e+00  
 1          19         0.92206745       1          1          2          -0.00000000e+00  -1.03708858e-02  0.00000000e+00   0.00000000e+00   1.03708858e-02   0.00000000e+00   0.00000000e+00   -1.59953205e-18 
 1          19         0.92206745       1          1          3          -0.00000000e+00  5.18544289e-03   0.00000000e+00   0.00000000e+00   0.00000000e+00   0.00000000e+00   -5.18544289e-03  0.00000000e+00  
 1          20         0.96817082       1          1          1          -0.00000000e+00  5.32353752e-03   0.00000000e+00   0.00000000e+00   0.00000000e+00   0.00000000e+00   -5.32353752e-03  0.00000000e+00  
 1          20         0.96817082       1          1          2          -0.00000000e+00  -1.06470750e-02  0.00000000e+00   0.00000000e+00   1.06470750e-02   0.00000000e+00   0.00000000e+00   1.67950865e-18  
 1          20         0.96817082       1          1          3          -0.00000000e+00  5.32353752e-03   0.00000000e+00   0.00000000e+00   0.00000000e+00   0.00000000e+00   -5.32353752e-03  0.00000000e+00  
 1          21         1.01657936       1          1          1          -0.00000000e+00  5.46126384e-03   0.00000000e+00   0.00000000e+00   0.00000000e+00   0.00000000e+00   -5.46126384e-03  0.00000000e+00  
 1          21         1.01657936       1          1          2          -0.00000000e+00  -1.09225277e-02  0.00000000e+00   0.00000000e+00   1.09225277e-02   0.00000000e+00   0.00000000e+00   0.00000000e+00  
 1          21         1.01657936       1          1          3          -0.00000000e+00  5.46126384e-03   0.00000000e+00   0.00000000e+00   0.00000000e+00   0.00000000e+00   -5.46126384e-03  0.00000000e+00  
 1          22         1.06740833       1          1          1          -0.00000000e+00  5.59839803e-03   0.00000000e+00   0.00000000e+00   0.00000000e+00   0.00000000e+00   -5.59839803e-03  0.00000000e+00  
 1          22         1.06740833       1          1          2          -0.00000000e+00  -1.11967961e-02  0.00000000e+00   0.00000000e+00   1.11967961e-02   0.00000000e+00   0.00000000e+00   1.85165829e-18  
 1          22         1.06740833       1          1          3          -0.00000000e+00  5.59839803e-03   0.00000000e+00   0.00000000e+00   0.00000000e+00   0.00000000e+00   -5.59839803e-03  0.00000000e+00  
 1          23         1.12077875       1          1          1          -0.00000000e+00  5.73472702e-03   0.00000000e+00   0.00000000e+00   0.00000000e+00   0.00000000e+00   -5.73472702e-03  0.00000000e+00  
 1          23         1.12077875       1          1          2          -0.00000000e+00  -1.14694540e-02  0.00000000e+00   0.00000000e+00   1.14694540e-02   0.00000000e+00   0.00000000e+00   0.00000000e+00  
 1          23         1.12077875       1          1          3          -0.00000000e+00  5.73472702e-03   0.00000000e+00   0.00000000e+00   0.00000000e+00   0.00000000e+00   -5.73472702e-03  0.00000000e+00  
 1          24         1.17681768       1          1          1          -0.00000000e+00  5.87005248e-03   0.00000000e+00   0.00000000e+00   0.00000000e+00   0.00000000e+00   -5.87005248e-03  0.00000000e+00  
 1          24         1.17681768       1          1          2          -0.00000000e+00  -1.17401050e-02  0.00000000e+00   0.00000000e+00   1.17401050e-02   0.00000000e+00   0.00000000e+00   0.00000000e+00  
 1          24         1.17681768       1          1          3          -0.00000000e+00  5.87005248e-03   0.00000000e+00   0.00000000e+00   0.00000000e+00   0.00000000e+00   -5.87005248e-03  0.00000000e+00  
 1          25         1.23565857       1          1          1          -0.00000000e+00  6.00419487e-03   0.00000000e+00   0.00000000e+00   0.00000000e+00   0.00000000e+00   -6.00419487e-03  0.00000000e+00  
 1          25         1.23565857       1          1          2          -0.00000000e+00  -1.20083897e-02  0.00000000e+00   0.00000000e+00   1.20083897e-02   0.00000000e+00   0.00000000e+00   0.00000000e+00  
 1          25         1.23565857       1          1          3          -0.00000000e+00  6.00419487e-03   0.00000000e+00   0.00000000e+00   0.00000000e+00   0.00000000e+00   -6.00419487e-03  0.00000000e+00  
 1          26         1.29744149       1          1          1          -0.00000000e+00  6.13699769e-03   0.00000000e+00   0.00000000e+00   0.00000000e+00   0.00000000e+00   -6.13699769e-03  0.00000000e+00  
 1          26         1.29744149       1          1          2          -0.00000000e+00  -1.22739954e-02  0.00000000e+00   0.00000000e+00   1.22739954e-02   0.00000000e+00   0.00000000e+00   0.00000000e+00  
 1          26         1.29744149       1          1          3          -0.00000000e+00  6.13699769e-03   0.00000000e+00   0.00000000e+00   0.00000000e+00   0.00000000e+00   -6.13699769e-03  0.00000000e+00  
 1          27         1.36231357       1          1          1          -0.00000000e+00  6.26833165e-03   0.00000000e+00   0.00000000e+00   0.00000000e+00   0.00000000e+00   -6.26833165e-03  0.00000000e+00  
 1          27         1.36231357       1          1          2          -0.00000000e+00  -1.25366633e-02  0.00000000e+00   0.00000000e+00   1.25366633e-02   0.00000000e+00   0.00000000e+00   0.00000000e+00  
 1          27         1.36231357       1          1          3          -0.00000000e+00  6.26833165e-03   0.00000000e+00   0.00000000e+00   0.00000000e+00   0.00000000e+00   -6.26833165e-03  0.00000000e+00  
 1          28         1.43042925       1          1          1          -0.00000000e+00  6.39809886e-03   0.00000000e+00   0.00000000e+00   0.00000000e+00   0.00000000e+00   -6.39809886e-03  0.00000000e+00  
 1          28         1.43042925       1          1          2          -0.00000000e+00  -1.27961977e-02  0.00000000e+00   0.00000000e+00   1.27961977e-02   0.00000000e+00   0.00000000e+00   0.00000000e+00  
 1          28         1.43042925       1          1          3          -0.00000000e+00  6.39809886e-03   0.00000000e+00   0.00000000e+00   0.00000000e+00   0.00000000e+00   -6.39809886e-03  0.00000000e+00  
 1          29         1.50195071       1          1          1          -0.00000000e+00  6.52623681e-03   0.00000000e+00   0.00000000e+00   0.00000000e+00   0.00000000e+00   -6.52623681e-03  0.00000000e+00  
 1          29         1.50195071       1          1          2          -0.00000000e+00  -1.30524736e-02  0.00000000e+00   0.00000000e+00   1.30524736e-02   0.00000000e+00   0.00000000e+00   0.00000000e+00  
 1          29         1.50195071       1          1          3          -0.00000000e+00  6.52623681e-03   0.00000000e+00   0.00000000e+00   0.00000000e+00   0.00000000e+00   -6.52623681e-03  0.00000000e+00  
 1          30         1.57704825       1          1          1          -0.00000000e+00  6.65272199e-03   0.00000000e+00   0.00000000e+00   0.00000000e+00   0.00000000e+00   -6.65272199e-03  0.00000000e+00  
 1          30         1.57704825       1          1          2          -0.00000000e+00  -1.33054440e-02  0.00000000e+00   0.00000000e+00   1.33054440e-02   0.00000000e+00   0.00000000e+00   0.00000000e+00  
 1          30         1.57704825       1          1          3          -0.00000000e+00  6.65272199e-03   0.00000000e+00   0.00000000e+00   0.00000000e+00   0.00000000e+00   -6.65272199e-03  0.00000000e+00  
 1          31         1.65590066       1          1          1          -0.00000000e+00  6.77757324e-03   0.00000000e+00   0.00000000e+00   0.00000000e+00   0.00000000e+00   -6.77757324e-03  0.00000000e+00  
 1          31         1.65590066       1          1          2          -0.00000000e+00  -1.35551465e-02  0.00000000e+00   0.00000000e+00   1.35551465e-02   0.00000000e+00   0.00000000e+00   -2.87252975e-18 
 1          31         1.65590066       1          1          3          -0.00000000e+00  6.77757324e-03   0.00000000e+00   0.00000000e+00   0.00000000e+00   0.00000000e+00   -6.77757324e-03  0.00000000e+00  
 1          32         1.73869569       1          1          1          -0.00000000e+00  6.90085445e-03   0.00000000e+00   0.00000000e+00   0.00000000e+00   0.00000000e+00   -6.90085445e-03  0.00000000e+00  
 1          32         1.73869569       1          1          2          -0.00000000e+00  -1.38017089e-02  0.00000000e+00   0.00000000e+00   1.38017089e-02   0.00000000e+00   0.00000000e+00   -3.01615623e-18 
 1          32         1.73869569       1          1          3          -0.00000000e+00  6.90085445e-03   0.00000000e+00   0.00000000e+00   0.00000000e+00   0.00000000e+00   -6.90085445e-03  0.00000000e+00  
 1          33         1.82563048       1          1          1          -0.00000000e+00  7.02267670e-03   0.00000000e+00   0.00000000e+00   0.00000000e+00   0.00000000e+00   -7.02267670e-03  0.00000000e+00  
 1          33         1.82563048       1          1          2          -0.00000000e+00  -1.40453534e-02  0.00000000e+00   0.00000000e+00   1.40453534e-02   0.00000000e+00   0.00000000e+00   0.00000000e+00  
 1          33         1.82563048       1          1          3          -0.00000000e+00  7.02267670e-03   0.00000000e+00   0.00000000e+00   0.00000000e+00   0.00000000e+00   -7.02267670e-03  0.00000000e+00  
 1          34         1.91691200       1          1          1          -0.00000000e+00  7.14319957e-03   0.00000000e+00   0.00000000e+00   0.00000000e+00   0.00000000e+00   -7.14319957e-03  0.00000000e+00  
 1          34         1.91691200       1          1          2          -0.00000000e+00  -1.42863991e-02  0.00000000e+00   0.00000000e+00   1.42863991e-02   0.00000000e+00   0.00000000e+00   0.00000000e+00  
 1          34         1.91691200       1          1          3          -0.00000000e+00  7.14319957e-03   0.00000000e+00   0.00000000e+00   0.00000000e+00   0.00000000e+00   -7.14319957e-03  0.00000000e+00  
 1          35         2.01275760       1          1          1          -0.00000000e+00  7.26263161e-03   0.00000000e+00   0.00000000e+00   0.00000000e+00   0.00000000e+00   -7.26263161e-03  0.00000000e+00  
 1          35         2.01275760       1          1          2          -0.00000000e+00  -1.45252632e-02  0.00000000e+00   0.00000000e+00   1.45252632e-02   0.00000000e+00   0.00000000e+00   0.00000000e+00  
 1          35         2.01275760       1          1          3          -0.00000000e+00  7.26263161e-03   0.00000000e+00   0.00000000e+00   0.00000000e+00   0.00000000e+00   -7.26263161e-03  0.00000000e+00  
 1          36         2.11339548       1          1          1          -0.00000000e+00  7.38122988e-03   0.00000000e+00   0.00000000e+00   0.00000000e+00   0.00000000e+00   -7.38122988e-03  0.00000000e+00  
 1          36         2.11339548       1          1          2          -0.00000000e+00  -1.47624598e-02  0.00000000e+00   0.00000000e+00   1.47624598e-02   0.00000000e+00   0.00000000e+00   -1.83307838e-18 
 1          36         2.11339548       1          1          3          -0.00000000e+00  7.38122988e-03   0.00000000e+00   0.00000000e+00   0.00000000e+00   0.00000000e+00   -7.38122988e-03  0.00000000e+00  
 1          37         2.21906525       1          1          1          -0.00000000e+00  7.49929845e-03   0.00000000e+00   0.00000000e+00   0.00000000e+00   0.00000000e+00   -7.49929845e-03  0.00000000e+00  
 1          37         2.21906525       1          1          2          -0.00000000e+00  -1.49985969e-02  0.00000000e+00   0.00000000e+00   1.49985969e-02   0.00000000e+00   0.00000000e+00   0.00000000e+00  
 1          37         2.21906525       1          1          3          -0.00000000e+00  7.49929845e-03   0.00000000e+00   0.00000000e+00   0.00000000e+00   0.00000000e+00   -7.49929845e-03  0.00000000e+00  
 1          38         2.33001852       1          1          1          -0.00000000e+00  7.61718585e-03   0.00000000e+00   0.00000000e+00   0.00000000e+00   0.00000000e+00   -7.61718585e-03  0.00000000e+00  
 1          38         2.33001852       1          1          2          -0.00000000e+00  -1.52343717e-02  0.00000000e+00   0.00000000e+00   1.52343717e-02   0.00000000e+00   0.00000000e+00   0.00000000e+00  
 1          38         2.33001852       1          1          3          -0.00000000e+00  7.61718585e-03   0.00000000e+00   0.00000000e+00   0.00000000e+00   0.00000000e+00   -7.61718585e-03  0.00000000e+00  
 1          39         2.44651944       1          1          1          -0.00000000e+00  7.73528147e-03   0.00000000e+00   0.00000000e+00   0.00000000e+00   0.00000000e+00   -7.73528147e-03  0.00000000e+00  
 1          39         2.44651944       1          1          2          -0.00000000e+00  -1.54705629e-02  0.00000000e+00   0.00000000e+00   1.54705629e-02   0.00000000e+00   0.00000000e+00   0.00000000e+00  
 1          39         2.44651944       1          1          3          -0.00000000e+00  7.73528147e-03   0.00000000e+00   0.00000000e+00   0.00000000e+00   0.00000000e+00   -7.73528147e-03  0.00000000e+00  
 1          40         2.56884541       1          1          1          -0.00000000e+00  7.85401095e-03   0.00000000e+00   0.00000000e+00   0.00000000e+00   0.00000000e+00   -7.85401095e-03  0.00000000e+00  
 1          40         2.56884541       1          1          2          -0.00000000e+00  -1.57080219e-02  0.00000000e+00   0.00000000e+00   1.57080219e-02   0.00000000e+00   0.00000000e+00   0.00000000e+00  
 1          40         2.56884541       1          1          3          -0.00000000e+00  7.85401095e-03   0.00000000e+00   0.00000000e+00   0.00000000e+00   0.00000000e+00   -7.85401095e-03  0.00000000e+00  
 1          41         2.69728768       1          1          1          -0.00000000e+00  7.97383066e-03   0.00000000e+00   0.00000000e+00   0.00000000e+00   0.00000000e+00   -7.97383066e-03  0.00000000e+00  
 1          41         2.69728768       1          1          2          -0.00000000e+00  -1.59476613e-02  0.00000000e+00   0.00000000e+00   1.59476613e-02   0.00000000e+00   0.00000000e+00   2.33952413e-18  
 1          41         2.69728768       1          1          3          -0.00000000e+00  7.97383066e-03   0.00000000e+00   0.00000000e+00   0.00000000e+00   0.00000000e+00   -7.97383066e-03  0.00000000e+00  
 1          42         2.83215207       1          1          1          -0.00000000e+00  8.09522133e-03   0.00000000e+00   0.00000000e+00   0.00000000e+00   0.00000000e+00   -8.09522133e-03  0.00000000e+00  
 1          42         2.83215207       1          1          2          -0.00000000e+00  -1.61904427e-02  0.00000000e+00   0.00000000e+00   1.61904427e-02   0.00000000e+00   0.00000000e+00   0.00000000e+00  
 1          42         2.83215207       1          1          3          -0.00000000e+00  8.09522133e-03   0.00000000e+00   0.00000000e+00   0.00000000e+00   0.00000000e+00   -8.09522133e-03  0.00000000e+00  
 1          43         2.97375967       1          1          1          -0.00000000e+00  8.21868100e-03   0.00000000e+00   0.00000000e+00   0.00000000e+00   0.00000000e+00   -8.21868100e-03  0.00000000e+00  
 1          43         2.97375967       1          1          2          -0.00000000e+00  -1.64373620e-02  0.00000000e+00   0.00000000e+00   1.64373620e-02   0.00000000e+00   0.00000000e+00   -2.57932536e-18 
 1          43         2.97375967       1          1          3          -0.00000000e+00  8.21868100e-03   0.00000000e+00   0.00000000e+00   0.00000000e+00   0.00000000e+00   -8.21868100e-03  0.00000000e+00  
 1          44         3.12244766       1          1          1          -0.00000000e+00  8.34471760e-03   0.00000000e+00   0.00000000e+00   0.00000000e+00   0.00000000e+00   -8.34471760e-03  0.00000000e+00  
 1          44         3.12244766       1          1          2          -0.00000000e+00  -1.66894352e-02  0.00000000e+00   0.00000000e+00   1.66894352e-02   0.00000000e+00   0.00000000e+00   0.00000000e+00  
 1          44         3.12244766       1          1          3          -0.00000000e+00  8.34471760e-03   0.00000000e+00   0.00000000e+00   0.00000000e+00   0.00000000e+00   -8.34471760e-03  0.00000000e+00  
 1          45         3.27857004       1          1          1          -0.00000000e+00  8.47384122e-03   0.00000000e+00   0.00000000e+00   0.00000000e+00   0.00000000e+00   -8.47384122e-03  0.00000000e+00  
 1          45         3.27857004       1          1          2          -0.00000000e+00  -1.69476824e-02  0.00000000e+00   0.00000000e+00   1.69476824e-02   0.00000000e+00   0.00000000e+00   0.00000000e+00  
 1          45         3.27857004       1          1          3          -0.00000000e+00  8.47384122e-03   0.00000000e+00   0.00000000e+00   0.00000000e+00   0.00000000e+00   -8.47384122e-03  0.00000000e+00  
 1          46         3.44249854       1          1          1          -0.00000000e+00  8.60655641e-03   0.00000000e+00   0.00000000e+00   0.00000000e+00   0.00000000e+00   -8.60655641e-03  0.00000000e+00  
 1          46         3.44249854       1          1          2          -0.00000000e+00  -1.72131128e-02  0.00000000e+00   0.00000000e+00   1.72131128e-02   0.00000000e+00   0.00000000e+00   2.98589152e-18  
 1          46         3.44249854       1          1          3          -0.00000000e+00  8.60655641e-03   0.00000000e+00   0.00000000e+00   0.00000000e+00   0.00000000e+00   -8.60655641e-03  0.00000000e+00  
 1          47         3.61462347       1          1          1          -0.00000000e+00  8.74335477e-03   0.00000000e+00   0.00000000e+00   0.00000000e+00   0.00000000e+00   -8.74335477e-03  0.00000000e+00  
 1          47         3.61462347       1          1          2          -0.00000000e+00  -1.74867095e-02  0.00000000e+00   0.00000000e+00   1.74867095e-02   0.00000000e+00   0.00000000e+00   0.00000000e+00  
 1          47         3.61462347       1          1          3          -0.00000000e+00  8.74335477e-03   0.00000000e+00   0.00000000e+00   0.00000000e+00   0.00000000e+00   -8.74335477e-03  0.00000000e+00  
 1          48         3.79535464       1          1          1          -0.00000000e+00  8.88470806e-03   0.00000000e+00   0.00000000e+00   0.00000000e+00   0.00000000e+00   -8.88470806e-03  0.00000000e+00  
 1          48         3.79535464       1          1          2          -0.00000000e+00  -1.77694161e-02  0.00000000e+00   0.00000000e+00   1.77694161e-02   0.00000000e+00   0.00000000e+00   0.00000000e+00  
 1          48         3.79535464       1          1          3          -0.00000000e+00  8.88470806e-03   0.00000000e+00   0.00000000e+00   0.00000000e+00   0.00000000e+00   -8.88470806e-03  0.00000000e+00  
 1          49         3.98512237       1          1          1          -0.00000000e+00  9.03106213e-03   0.00000000e+00   0.00000000e+00   0.00000000e+00   0.00000000e+00   -9.03106213e-03  0.00000000e+00  
 1          49         3.98512237       1          1          2          -0.00000000e+00  -1.80621243e-02  0.00000000e+00   0.00000000e+00   1.80621243e-02   0.00000000e+00   0.00000000e+00   0.00000000e+00  
 1          49         3.98512237       1          1          3          -0.00000000e+00  9.03106213e-03   0.00000000e+00   0.00000000e+00   0.00000000e+00   0.00000000e+00   -9.03106213e-03  0.00000000e+00  
 1          50         4.18437849       1          1          1          -0.00000000e+00  9.18283173e-03   0.00000000e+00   0.00000000e+00   0.00000000e+00   0.00000000e+00   -9.18283173e-03  0.00000000e+00  
 1          50         4.18437849       1          1          2          -0.00000000e+00  -1.83656635e-02  0.00000000e+00   0.00000000e+00   1.83656635e-02   0.00000000e+00   0.00000000e+00   3.62936980e-18  
 1          50         4.18437849       1          1          3          -0.00000000e+00  9.18283173e-03   0.00000000e+00   0.00000000e+00   0.00000000e+00   0.00000000e+00   -9.18283173e-03  0.00000000e+00  
 1          51         4.39359742       1          1          1          -0.00000000e+00  9.34039663e-03   0.00000000e+00   0.00000000e+00   0.00000000e+00   0.00000000e+00   -9.34039663e-03  0.00000000e+00  
 1          51         4.39359742       1          1          2          -0.00000000e+00  -1.86807933e-02  0.00000000e+00   0.00000000e+00   1.86807933e-02   0.00000000e+00   0.00000000e+00   0.00000000e+00  
 1          51         4.39359742       1          1          3          -0.00000000e+00  9.34039663e-03   0.00000000e+00   0.00000000e+00   0.00000000e+00   0.00000000e+00   -9.34039663e-03  0.00000000e+00  
 1          52         4.61327729       1          1          1          -0.00000000e+00  9.50409893e-03   0.00000000e+00   0.00000000e+00   0.00000000e+00   0.00000000e+00   -9.50409893e-03  0.00000000e+00  
 1          52         4.61327729       1          1          2          -0.00000000e+00  -1.90081979e-02  0.00000000e+00   0.00000000e+00   1.90081979e-02   0.00000000e+00   0.00000000e+00   -4.00138021e-18 
 1          52         4.61327729       1          1          3          -0.00000000e+00  9.50409893e-03   0.00000000e+00   0.00000000e+00   0.00000000e+00   0.00000000e+00   -9.50409893e-03  0.00000000e+00  
 1          53         4.84394115       1          1          1          -0.00000000e+00  9.67424172e-03   0.00000000e+00   0.00000000e+00   0.00000000e+00   0.00000000e+00   -9.67424172e-03  0.00000000e+00  
 1          53         4.84394115       1          1          2          -0.00000000e+00  -1.93484834e-02  0.00000000e+00   0.00000000e+00   1.93484834e-02   0.00000000e+00   0.00000000e+00   0.00000000e+00  
 1          53         4.84394115       1          1          3          -0.00000000e+00  9.67424172e-03   0.00000000e+00   0.00000000e+00   0.00000000e+00   0.00000000e+00   -9.67424172e-03  0.00000000e+00  
 1          54         5.08613821       1          1          1          -0.00000000e+00  9.85108913e-03   0.00000000e+00   0.00000000e+00   0.00000000e+00   0.00000000e+00   -9.85108913e-03  0.00000000e+00  
 1          54         5.08613821       1          1          2          -0.00000000e+00  -1.97021783e-02  0.00000000e+00   0.00000000e+00   1.97021783e-02   0.00000000e+00   0.00000000e+00   0.00000000e+00  
 1          54         5.08613821       1          1          3          -0.00000000e+00  9.85108913e-03   0.00000000e+00   0.00000000e+00   0.00000000e+00   0.00000000e+00   -9.85108913e-03  0.00000000e+00  
 1          55         5.34044512       1          1          1          -0.00000000e+00  1.00348676e-02   0.00000000e+00   0.00000000e+00   0.00000000e+00   0.00000000e+00   -1.00348676e-02  0.00000000e+00  
 1          55         5.34044512       1          1          2          -0.00000000e+00  -2.00697352e-02  0.00000000e+00   0.00000000e+00   2.00697352e-02   0.00000000e+00   0.00000000e+00   -2.31604888e-18 
 1          55         5.34044512       1          1          3          -0.00000000e+00  1.00348676e-02   0.00000000e+00   0.00000000e+00   0.00000000e+00   0.00000000e+00   -1.00348676e-02  0.00000000e+00  
 1          56         5.60746738       1          1          1          -0.00000000e+00  1.02257684e-02   0.00000000e+00   0.00000000e+00   0.00000000e+00   0.00000000e+00   -1.02257684e-02  0.00000000e+00  
 1          56         5.60746738       1          1          2          -0.00000000e+00  -2.04515369e-02  0.00000000e+00   0.00000000e+00   2.04515369e-02   0.00000000e+00   0.00000000e+00   0.00000000e+00  
 1          56         5.60746738       1          1          3          -0.00000000e+00  1.02257684e-02   0.00000000e+00   0.00000000e+00   0.00000000e+00   0.00000000e+00   -1.02257684e-02  0.00000000e+00  
 1          57         5.88784074       1          1          1          -0.00000000e+00  1.04239511e-02   0.00000000e+00   0.00000000e+00   0.00000000e+00   0.00000000e+00   -1.04239511e-02  0.00000000e+00  
 1          57         5.88784074       1          1          2          -0.00000000e+00  -2.08479021e-02  0.00000000e+00   0.00000000e+00   2.08479021e-02   0.00000000e+00   0.00000000e+00   2.55344389e-18  
 1          57         5.88784074       1          1          3          -0.00000000e+00  1.04239511e-02   0.00000000e+00   0.00000000e+00   0.00000000e+00   0.00000000e+00   -1.04239511e-02  0.00000000e+00  
 1          58         6.18223278       1          1          1          -0.00000000e+00  1.06295473e-02   0.00000000e+00   0.00000000e+00   0.00000000e+00   0.00000000e+00   -1.06295473e-02  0.00000000e+00  
 1          58         6.18223278       1          1          2          -0.00000000e+00  -2.12590946e-02  0.00000000e+00   0.00000000e+00   2.12590946e-02   0.00000000e+00   0.00000000e+00   0.00000000e+00  
 1          58         6.18223278       1          1          3          -0.00000000e+00  1.06295473e-02   0.00000000e+00   0.00000000e+00   0.00000000e+00   0.00000000e+00   -1.06295473e-02  0.00000000e+00  
 1          59         6.49134442       1          1          1          -0.00000000e+00  1.08426662e-02   0.00000000e+00   0.00000000e+00   0.00000000e+00   0.00000000e+00   -1.08426662e-02  0.00000000e+00  
 1          59         6.49134442       1          1          2          -0.00000000e+00  -2.16853324e-02  0.00000000e+00   0.00000000e+00   2.16853324e-02   0.00000000e+00   0.00000000e+00   0.00000000e+00  
 1          59         6.49134442       1          1          3          -0.00000000e+00  1.08426662e-02   0.00000000e+00   0.00000000e+00   0.00000000e+00   0.00000000e+00   -1.08426662e-02  0.00000000e+00  
 1          60         6.81591164       1          1          1          -0.00000000e+00  1.10633987e-02   0.00000000e+00   0.00000000e+00   0.00000000e+00   0.00000000e+00   -1.10633987e-02  0.00000000e+00  
 1          60         6.81591164       1          1          2          -0.00000000e+00  -2.21267975e-02  0.00000000e+00   0.00000000e+00   2.21267975e-02   0.00000000e+00   0.00000000e+00   0.00000000e+00  
 1          60         6.81591164       1          1          3          -0.00000000e+00  1.10633987e-02   0.00000000e+00   0.00000000e+00   0.00000000e+00   0.00000000e+00   -1.10633987e-02  0.00000000e+00  
 1          61         7.15670722       1          1          1          -0.00000000e+00  1.12918229e-02   0.00000000e+00   0.00000000e+00   0.00000000e+00   0.00000000e+00   -1.12918229e-02  0.00000000e+00  
 1          61         7.15670722       1          1          2          -0.00000000e+00  -2.25836459e-02  0.00000000e+00   0.00000000e+00   2.25836459e-02   0.00000000e+00   0.00000000e+00   0.00000000e+00  
 1          61         7.15670722       1          1          3          -0.00000000e+00  1.12918229e-02   0.00000000e+00   0.00000000e+00   0.00000000e+00   0.00000000e+00   -1.12918229e-02  0.00000000e+00  
 1          62         7.51454258       1          1          1          -0.00000000e+00  1.15280088e-02   0.00000000e+00   0.00000000e+00   0.00000000e+00   0.00000000e+00   -1.15280088e-02  0.00000000e+00  
 1          62         7.51454258       1          1          2          -0.00000000e+00  -2.30560176e-02  0.00000000e+00   0.00000000e+00   2.30560176e-02   0.00000000e+00   0.00000000e+00   0.00000000e+00  
 1          62         7.51454258       1          1          3          -0.00000000e+00  1.15280088e-02   0.00000000e+00   0.00000000e+00   0.00000000e+00   0.00000000e+00   -1.15280088e-02  0.00000000e+00  
 1          63         7.89026971       1          1          1          -0.00000000e+00  1.17720224e-02   0.00000000e+00   0.00000000e+00   0.00000000e+00   0.00000000e+00   -1.17720224e-02  0.00000000e+00  
 1          63         7.89026971       1          1          2          -0.00000000e+00  -2.35440449e-02  0.00000000e+00   0.00000000e+00   2.35440449e-02   0.00000000e+00   0.00000000e+00   -3.42185903e-18 
 1          63         7.89026971       1          1          3          -0.00000000e+00  1.17720224e-02   0.00000000e+00   0.00000000e+00   0.00000000e+00   0.00000000e+00   -1.17720224e-02  0.00000000e+00  
 1          64         8.28478320       1          1          1          -0.00000000e+00  1.20239303e-02   0.00000000e+00   0.00000000e+00   0.00000000e+00   0.00000000e+00   -1.20239303e-02  0.00000000e+00  
 1          64         8.28478320       1          1          2          -0.00000000e+00  -2.40478606e-02  0.00000000e+00   0.00000000e+00   2.40478606e-02   0.00000000e+00   0.00000000e+00   0.00000000e+00  
 1          64         8.28478320       1          1          3          -0.00000000e+00  1.20239303e-02   0.00000000e+00   0.00000000e+00   0.00000000e+00   0.00000000e+00   -1.20239303e-02  0.00000000e+00  
 1          65         8.69902236       1          1          1          -0.00000000e+00  1.22838023e-02   0.00000000e+00   0.00000000e+00   0.00000000e+00   0.00000000e+00   -1.22838023e-02  0.00000000e+00  
 1          65         8.69902236       1          1          2          -0.00000000e+00  -2.45676046e-02  0.00000000e+00   0.00000000e+00   2.45676046e-02   0.00000000e+00   0.00000000e+00   -3.77259958e-18 
 1          65         8.69902236       1          1          3          -0.00000000e+00  1.22838023e-02   0.00000000e+00   0.00000000e+00   0.00000000e+00   0.00000000e+00   -1.22838023e-02  0.00000000e+00  
 1          66         9.13397348       1          1          1          -0.00000000e+00  1.25517146e-02   0.00000000e+00   0.00000000e+00   0.00000000e+00   0.00000000e+00   -1.25517146e-02  0.00000000e+00  
 1          66         9.13397348       1          1          2          -0.00000000e+00  -2.51034293e-02  0.00000000e+00   0.00000000e+00   2.51034293e-02   0.00000000e+00   0.00000000e+00   0.00000000e+00  
 1          66         9.13397348       1          1          3          -0.00000000e+00  1.25517146e-02   0.00000000e+00   0.00000000e+00   0.00000000e+00   0.00000000e+00   -1.25517146e-02  0.00000000e+00  
 1          67         9.59067215       1          1          1          -0.00000000e+00  1.28277516e-02   0.00000000e+00   0.00000000e+00   0.00000000e+00   0.00000000e+00   -1.28277516e-02  0.00000000e+00  
 1          67         9.59067215       1          1          2          -0.00000000e+00  -2.56555033e-02  0.00000000e+00   0.00000000e+00   2.56555033e-02   0.00000000e+00   0.00000000e+00   0.00000000e+00  
 1          67         9.59067215       1          1          3          -0.00000000e+00  1.28277516e-02   0.00000000e+00   0.00000000e+00   0.00000000e+00   0.00000000e+00   -1.28277516e-02  0.00000000e+00  
 1          68         10.07020576      1          1          1          -0.00000000e+00  1.31120075e-02   0.00000000e+00   0.00000000e+00   0.00000000e+00   0.00000000e+00   -1.31120075e-02  0.00000000e+00  
 1          68         10.07020576      1          1          2          -0.00000000e+00  -2.62240149e-02  0.00000000e+00   0.00000000e+00   2.62240149e-02   0.00000000e+00   0.00000000e+00   4.36725558e-18  
 1          68         10.07020576      1          1          3          -0.00000000e+00  1.31120075e-02   0.00000000e+00   0.00000000e+00   0.00000000e+00   0.00000000e+00   -1.31120075e-02  0.00000000e+00  
 1          69         10.57371605      1          1          1          -0.00000000e+00  1.34045868e-02   0.00000000e+00   0.00000000e+00   0.00000000e+00   0.00000000e+00   -1.34045868e-02  0.00000000e+00  
 1          69         10.57371605      1          1          2          -0.00000000e+00  -2.68091736e-02  0.00000000e+00   0.00000000e+00   2.68091736e-02   0.00000000e+00   0.00000000e+00   0.00000000e+00  
 1          69         10.57371605      1          1          3          -0.00000000e+00  1.34045868e-02   0.00000000e+00   0.00000000e+00   0.00000000e+00   0.00000000e+00   -1.34045868e-02  0.00000000e+00  
 1          70         11.10240185      1          1          1          -0.00000000e+00  1.37056055e-02   0.00000000e+00   0.00000000e+00   0.00000000e+00   0.00000000e+00   -1.37056055e-02  0.00000000e+00  
 1          70         11.10240185      1          1          2          -0.00000000e+00  -2.74112110e-02  0.00000000e+00   0.00000000e+00   2.74112110e-02   0.00000000e+00   0.00000000e+00   0.00000000e+00  
 1          70         11.10240185      1          1          3          -0.00000000e+00  1.37056055e-02   0.00000000e+00   0.00000000e+00   0.00000000e+00   0.00000000e+00   -1.37056055e-02  0.00000000e+00  
 1          71         11.65752194      1          1          1          -0.00000000e+00  1.40151906e-02   0.00000000e+00   0.00000000e+00   0.00000000e+00   0.00000000e+00   -1.40151906e-02  0.00000000e+00  
 1          71         11.65752194      1          1          2          -0.00000000e+00  -2.80303811e-02  0.00000000e+00   0.00000000e+00   2.80303811e-02   0.00000000e+00   0.00000000e+00   0.00000000e+00  
 1          71         11.65752194      1          1          3          -0.00000000e+00  1.40151906e-02   0.00000000e+00   0.00000000e+00   0.00000000e+00   0.00000000e+00   -1.40151906e-02  0.00000000e+00  
 1          72         12.24039804      1          1          1          -0.00000000e+00  1.43334801e-02   0.00000000e+00   0.00000000e+00   0.00000000e+00   0.00000000e+00   -1.43334801e-02  0.00000000e+00  
 1          72         12.24039804      1          1          2          -0.00000000e+00  -2.86669603e-02  0.00000000e+00   0.00000000e+00   2.86669603e-02   0.00000000e+00   0.00000000e+00   0.00000000e+00  
 1          72         12.24039804      1          1          3          -0.00000000e+00  1.43334801e-02   0.00000000e+00   0.00000000e+00   0.00000000e+00   0.00000000e+00   -1.43334801e-02  0.00000000e+00  
 1          73         12.85241794      1          1          1          -0.00000000e+00  1.46606230e-02   0.00000000e+00   0.00000000e+00   0.00000000e+00   0.00000000e+00   -1.46606230e-02  0.00000000e+00  
 1          73         12.85241794      1          1          2          -0.00000000e+00  -2.93212460e-02  0.00000000e+00   0.00000000e+00   2.93212460e-02   0.00000000e+00   0.00000000e+00   0.00000000e+00  
 1          73         12.85241794      1          1          3          -0.00000000e+00  1.46606230e-02   0.00000000e+00   0.00000000e+00   0.00000000e+00   0.00000000e+00   -1.46606230e-02  0.00000000e+00  
 1          74         13.49503884      1          1          1          -0.00000000e+00  1.49967783e-02   0.00000000e+00   0.00000000e+00   0.00000000e+00   0.00000000e+00   -1.49967783e-02  0.00000000e+00  
 1          74         13.49503884      1          1          2          -0.00000000e+00  -2.99935566e-02  0.00000000e+00   0.00000000e+00   2.99935566e-02   0.00000000e+00   0.00000000e+00   -5.85254017e-18 
 1          74         13.49503884      1          1          3          -0.00000000e+00  1.49967783e-02   0.00000000e+00   0.00000000e+00   0.00000000e+00   0.00000000e+00   -1.49967783e-02  0.00000000e+00  
 1          75         14.16979078      1          1          1          -0.00000000e+00  1.53421149e-02   0.00000000e+00   0.00000000e+00   0.00000000e+00   0.00000000e+00   -1.53421149e-02  0.00000000e+00  
 1          75         14.16979078      1          1          2          -0.00000000e+00  -3.06842299e-02  0.00000000e+00   0.00000000e+00   3.06842299e-02   0.00000000e+00   0.00000000e+00   0.00000000e+00  
 1          75         14.16979078      1          1          3          -0.00000000e+00  1.53421149e-02   0.00000000e+00   0.00000000e+00   0.00000000e+00   0.00000000e+00   -1.53421149e-02  0.00000000e+00  
 1          76         14.87828032      1          1          1          -0.00000000e+00  1.56968111e-02   0.00000000e+00   0.00000000e+00   0.00000000e+00   0.00000000e+00   -1.56968111e-02  0.00000000e+00  
 1          76         14.87828032      1          1          2          -0.00000000e+00  -3.13936222e-02  0.00000000e+00   0.00000000e+00   3.13936222e-02   0.00000000e+00   0.00000000e+00   6.45242554e-18  
 1          76         14.87828032      1          1          3          -0.00000000e+00  1.56968111e-02   0.00000000e+00   0.00000000e+00   0.00000000e+00   0.00000000e+00   -1.56968111e-02  0.00000000e+00  
 1          77         15.62219433      1          1          1          -0.00000000e+00  1.60610538e-02   0.00000000e+00   0.00000000e+00   0.00000000e+00   0.00000000e+00   -1.60610538e-02  0.00000000e+00  
 1          77         15.62219433      1          1          2          -0.00000000e+00  -3.21221076e-02  0.00000000e+00   0.00000000e+00   3.21221076e-02   0.00000000e+00   0.00000000e+00   0.00000000e+00  
 1          77         15.62219433      1          1          3          -0.00000000e+00  1.60610538e-02   0.00000000e+00   0.00000000e+00   0.00000000e+00   0.00000000e+00   -1.60610538e-02  0.00000000e+00  
 1          78         16.40330405      1          1          1          -0.00000000e+00  1.64350382e-02   0.00000000e+00   0.00000000e+00   0.00000000e+00   0.00000000e+00   -1.64350382e-02  0.00000000e+00  
 1          78         16.40330405      1          1          2          -0.00000000e+00  -3.28700765e-02  0.00000000e+00   0.00000000e+00   3.28700765e-02   0.00000000e+00   0.00000000e+00   0.00000000e+00  
 1          78         16.40330405      1          1          3          -0.00000000e+00  1.64350382e-02   0.00000000e+00   0.00000000e+00   0.00000000e+00   0.00000000e+00   -1.64350382e-02  0.00000000e+00  
 1          79         17.22346925      1          1          1          -0.00000000e+00  1.68189673e-02   0.00000000e+00   0.00000000e+00   0.00000000e+00   0.00000000e+00   -1.68189673e-02  0.00000000e+00  
 1          79         17.22346925      1          1          2          -0.00000000e+00  -3.36379346e-02  0.00000000e+00   0.00000000e+00   3.36379346e-02   0.00000000e+00   0.00000000e+00   0.00000000e+00  
 1          79         17.22346925      1          1          3          -0.00000000e+00  1.68189673e-02   0.00000000e+00   0.00000000e+00   0.00000000e+00   0.00000000e+00   -1.68189673e-02  0.00000000e+00  
 1          80         18.08464272      1          1          1          -0.00000000e+00  1.72130511e-02   0.00000000e+00   0.00000000e+00   0.00000000e+00   0.00000000e+00   -1.72130511e-02  0.00000000e+00  
 1          80         18.08464272      1          1          2          -0.00000000e+00  -3.44261022e-02  0.00000000e+00   0.00000000e+00   3.44261022e-02   0.00000000e+00   0.00000000e+00   0.00000000e+00  
 1          80         18.08464272      1          1          3          -0.00000000e+00  1.72130511e-02   0.00000000e+00   0.00000000e+00   0.00000000e+00   0.00000000e+00   -1.72130511e-02  0.00000000e+00  
 1          81         18.98887485      1          1          1          -0.00000000e+00  1.76175060e-02   0.00000000e+00   0.00000000e+00   0.00000000e+00   0.00000000e+00   -1.76175060e-02  0.00000000e+00  
 1          81         18.98887485      1          1          2          -0.00000000e+00  -3.52350120e-02  0.00000000e+00   0.00000000e+00   3.52350120e-02   0.00000000e+00   0.00000000e+00   0.00000000e+00  
 1          81         18.98887485      1          1          3          -0.00000000e+00  1.76175060e-02   0.00000000e+00   0.00000000e+00   0.00000000e+00   0.00000000e+00   -1.76175060e-02  0.00000000e+00  
 1          82         19.93831860      1          1          1          -0.00000000e+00  1.80325538e-02   0.00000000e+00   0.00000000e+00   0.00000000e+00   0.00000000e+00   -1.80325538e-02  0.00000000e+00  
 1          82         19.93831860      1          1          2          -0.00000000e+00  -3.60651076e-02  0.00000000e+00   0.00000000e+00   3.60651076e-02   0.00000000e+00   0.00000000e+00   0.00000000e+00  
 1          82         19.93831860      1          1          3          -0.00000000e+00  1.80325538e-02   0.00000000e+00   0.00000000e+00   0.00000000e+00   0.00000000e+00   -1.80325538e-02  0.00000000e+00  
 1          83         20.93523452      1          1          1          -0.00000000e+00  1.84584207e-02   0.00000000e+00   0.00000000e+00   0.00000000e+00   0.00000000e+00   -1.84584207e-02  0.00000000e+00  
 1          83         20.93523452      1          1          2          -0.00000000e+00  -3.69168413e-02  0.00000000e+00   0.00000000e+00   3.69168413e-02   0.00000000e+00   0.00000000e+00   -4.53960535e-18 
 1          83         20.93523452      1          1          3          -0.00000000e+00  1.84584207e-02   0.00000000e+00   0.00000000e+00   0.00000000e+00   0.00000000e+00   -1.84584207e-02  0.00000000e+00  
 1          84         21.98199625      1          1          1          -0.00000000e+00  1.88953350e-02   0.00000000e+00   0.00000000e+00   0.00000000e+00   0.00000000e+00   -1.88953350e-02  0.00000000e+00  
 1          84         21.98199625      1          1          2          -0.00000000e+00  -3.77906701e-02  0.00000000e+00   0.00000000e+00   3.77906701e-02   0.00000000e+00   0.00000000e+00   -4.76658562e-18 
 1          84         21.98199625      1          1          3          -0.00000000e+00  1.88953350e-02   0.00000000e+00   0.00000000e+00   0.00000000e+00   0.00000000e+00   -1.88953350e-02  0.00000000e+00  
 1          85         23.08109606      1          1          1          -0.00000000e+00  1.93435256e-02   0.00000000e+00   0.00000000e+00   0.00000000e+00   0.00000000e+00   -1.93435256e-02  0.00000000e+00  
 1          85         23.08109606      1          1          2          -0.00000000e+00  -3.86870512e-02  0.00000000e+00   0.00000000e+00   3.86870512e-02   0.00000000e+00   0.00000000e+00   0.00000000e+00  
 1          85         23.08109606      1          1          3          -0.00000000e+00  1.93435256e-02   0.00000000e+00   0.00000000e+00   0.00000000e+00   0.00000000e+00   -1.93435256e-02  0.00000000e+00  
 1          86         24.23515087      1          1          1          -0.00000000e+00  1.98032179e-02   0.00000000e+00   0.00000000e+00   0.00000000e+00   0.00000000e+00   -1.98032179e-02  0.00000000e+00  
 1          86         24.23515087      1          1          2          -0.00000000e+00  -3.96064358e-02  0.00000000e+00   0.00000000e+00   3.96064358e-02   0.00000000e+00   0.00000000e+00   0.00000000e+00  
 1          86         24.23515087      1          1          3          -0.00000000e+00  1.98032179e-02   0.00000000e+00   0.00000000e+00   0.00000000e+00   0.00000000e+00   -1.98032179e-02  0.00000000e+00  
 1          87         25.44690841      1          1          1          -0.00000000e+00  2.02746302e-02   0.00000000e+00   0.00000000e+00   0.00000000e+00   0.00000000e+00   -2.02746302e-02  0.00000000e+00  
 1          87         25.44690841      1          1          2          -0.00000000e+00  -4.05492604e-02  0.00000000e+00   0.00000000e+00   4.05492604e-02   0.00000000e+00   0.00000000e+00   0.00000000e+00  
 1          87         25.44690841      1          1          3          -0.00000000e+00  2.02746302e-02   0.00000000e+00   0.00000000e+00   0.00000000e+00   0.00000000e+00   -2.02746302e-02  0.00000000e+00  
 1          88         26.71925383      1          1          1          -0.00000000e+00  2.07579675e-02   0.00000000e+00   0.00000000e+00   0.00000000e+00   0.00000000e+00   -2.07579675e-02  0.00000000e+00  
 1          88         26.71925383      1          1          2          -0.00000000e+00  -4.15159349e-02  0.00000000e+00   0.00000000e+00   4.15159349e-02   0.00000000e+00   0.00000000e+00   0.00000000e+00  
 1          88         26.71925383      1          1          3          -0.00000000e+00  2.07579675e-02   0.00000000e+00   0.00000000e+00   0.00000000e+00   0.00000000e+00   -2.07579675e-02  0.00000000e+00  
 1          89         28.05521652      1          1          1          -0.00000000e+00  2.12534141e-02   0.00000000e+00   0.00000000e+00   0.00000000e+00   0.00000000e+00   -2.12534141e-02  0.00000000e+00  
 1          89         28.05521652      1          1          2          -0.00000000e+00  -4.25068283e-02  0.00000000e+00   0.00000000e+00   4.25068283e-02   0.00000000e+00   0.00000000e+00   0.00000000e+00  
 1          89         28.05521652      1          1          3          -0.00000000e+00  2.12534141e-02   0.00000000e+00   0.00000000e+00   0.00000000e+00   0.00000000e+00   -2.12534141e-02  0.00000000e+00  
 1          90         29.45797735      1          1          1          -0.00000000e+00  2.17611245e-02   0.00000000e+00   0.00000000e+00   0.00000000e+00   0.00000000e+00   -2.17611245e-02  0.00000000e+00  
 1          90         29.45797735      1          1          2          -0.00000000e+00  -4.35222490e-02  0.00000000e+00   0.00000000e+00   4.35222490e-02   0.00000000e+00   0.00000000e+00   0.00000000e+00  
 1          90         29.45797735      1          1          3          -0.00000000e+00  2.17611245e-02   0.00000000e+00   0.00000000e+00   0.00000000e+00   0.00000000e+00   -2.17611245e-02  0.00000000e+00  
 1          91         30.93087622      1          1          1          -0.00000000e+00  2.22812108e-02   0.00000000e+00   0.00000000e+00   0.00000000e+00   0.00000000e+00   -2.22812108e-02  0.00000000e+00  
 1          91         30.93087622      1          1          2          -0.00000000e+00  -4.45624215e-02  0.00000000e+00   0.00000000e+00   4.45624215e-02   0.00000000e+00   0.00000000e+00   0.00000000e+00  
 1          91         30.93087622      1          1          3          -0.00000000e+00  2.22812108e-02   0.00000000e+00   0.00000000e+00   0.00000000e+00   0.00000000e+00   -2.22812108e-02  0.00000000e+00  
 1          92         32.47742003      1          1          1          -0.00000000e+00  2.28137284e-02   0.00000000e+00   0.00000000e+00   0.00000000e+00   0.00000000e+00   -2.28137284e-02  0.00000000e+00  
 1          92         32.47742003      1          1          2          -0.00000000e+00  -4.56274567e-02  0.00000000e+00   0.00000000e+00   4.56274567e-02   0.00000000e+00   0.00000000e+00   -7.04241787e-18 
 1          92         32.47742003      1          1          3          -0.00000000e+00  2.28137284e-02   0.00000000e+00   0.00000000e+00   0.00000000e+00   0.00000000e+00   -2.28137284e-02  0.00000000e+00  
 1          93         34.10129103      1          1          1          -0.00000000e+00  2.33586585e-02   0.00000000e+00   0.00000000e+00   0.00000000e+00   0.00000000e+00   -2.33586585e-02  0.00000000e+00  
 1          93         34.10129103      1          1          2          -0.00000000e+00  -4.67173169e-02  0.00000000e+00   0.00000000e+00   4.67173169e-02   0.00000000e+00   0.00000000e+00   0.00000000e+00  
 1          93         34.10129103      1          1          3          -0.00000000e+00  2.33586585e-02   0.00000000e+00   0.00000000e+00   0.00000000e+00   0.00000000e+00   -2.33586585e-02  0.00000000e+00  
 1          94         35.80635558      1          1          1          -0.00000000e+00  2.39158872e-02   0.00000000e+00   0.00000000e+00   0.00000000e+00   0.00000000e+00   -2.39158872e-02  0.00000000e+00  
 1          94         35.80635558      1          1          2          -0.00000000e+00  -4.78317743e-02  0.00000000e+00   0.00000000e+00   4.78317743e-02   0.00000000e+00   0.00000000e+00   -7.76426570e-18 
 1          94         35.80635558      1          1          3          -0.00000000e+00  2.39158872e-02   0.00000000e+00   0.00000000e+00   0.00000000e+00   0.00000000e+00   -2.39158872e-02  0.00000000e+00  
 1          95         37.59667336      1          1          1          -0.00000000e+00  2.44851817e-02   0.00000000e+00   0.00000000e+00   0.00000000e+00   0.00000000e+00   -2.44851817e-02  0.00000000e+00  
 1          95         37.59667336      1          1          2          -0.00000000e+00  -4.89703634e-02  0.00000000e+00   0.00000000e+00   4.89703634e-02   0.00000000e+00   0.00000000e+00   0.00000000e+00  
 1          95         37.59667336      1          1          3          -0.00000000e+00  2.44851817e-02   0.00000000e+00   0.00000000e+00   0.00000000e+00   0.00000000e+00   -2.44851817e-02  0.00000000e+00  
 1          96         39.47650703      1          1          1          -0.00000000e+00  2.50661639e-02   0.00000000e+00   0.00000000e+00   0.00000000e+00   0.00000000e+00   -2.50661639e-02  0.00000000e+00  
 1          96         39.47650703      1          1          2          -0.00000000e+00  -5.01323277e-02  0.00000000e+00   0.00000000e+00   5.01323277e-02   0.00000000e+00   0.00000000e+00   0.00000000e+00  
 1          96         39.47650703      1          1          3          -0.00000000e+00  2.50661639e-02   0.00000000e+00   0.00000000e+00   0.00000000e+00   0.00000000e+00   -2.50661639e-02  0.00000000e+00  
 1          97         41.45033238      1          1          1          -0.00000000e+00  2.56582804e-02   0.00000000e+00   0.00000000e+00   0.00000000e+00   0.00000000e+00   -2.56582804e-02  0.00000000e+00  
 1          97         41.45033238      1          1          2          -0.00000000e+00  -5.13165608e-02  0.00000000e+00   0.00000000e+00   5.13165608e-02   0.00000000e+00   0.00000000e+00   -8.98810808e-18 
 1          97         41.45033238      1          1          3          -0.00000000e+00  2.56582804e-02   0.00000000e+00   0.00000000e+00   0.00000000e+00   0.00000000e+00   -2.56582804e-02  0.00000000e+00  
 1          98         43.52284900      1          1          1          -0.00000000e+00  2.62607719e-02   0.00000000e+00   0.00000000e+00   0.00000000e+00   0.00000000e+00   -2.62607719e-02  0.00000000e+00  
 1          98         43.52284900      1          1          2          -0.00000000e+00  -5.25215438e-02  0.00000000e+00   0.00000000e+00   5.25215438e-02   0.00000000e+00   0.00000000e+00   0.00000000e+00  
 1          98         43.52284900      1          1          3          -0.00000000e+00  2.62607719e-02   0.00000000e+00   0.00000000e+00   0.00000000e+00   0.00000000e+00   -2.62607719e-02  0.00000000e+00  
 1          99         45.69899145      1          1          1          -0.00000000e+00  2.68726400e-02   0.00000000e+00   0.00000000e+00   0.00000000e+00   0.00000000e+00   -2.68726400e-02  0.00000000e+00  
 1          99         45.69899145      1          1          2          -0.00000000e+00  -5.37452801e-02  0.00000000e+00   0.00000000e+00   5.37452801e-02   0.00000000e+00   0.00000000e+00   0.00000000e+00  
 1          99         45.69899145      1          1          3          -0.00000000e+00  2.68726400e-02   0.00000000e+00   0.00000000e+00   0.00000000e+00   0.00000000e+00   -2.68726400e-02  0.00000000e+00  
 1          100        47.98394102      1          1          1          -0.00000000e+00  2.74926148e-02   0.00000000e+00   0.00000000e+00   0.00000000e+00   0.00000000e+00   -2.74926148e-02  0.00000000e+00  
 1          100        47.98394102      1          1          2          -0.00000000e+00  -5.49852297e-02  0.00000000e+00   0.00000000e+00   5.49852297e-02   0.00000000e+00   0.00000000e+00   0.00000000e+00  
 1          100        47.98394102      1          1          3          -0.00000000e+00  2.74926148e-02   0.00000000e+00   0.00000000e+00   0.00000000e+00   0.00000000e+00   -2.74926148e-02  0.00000000e+00  
