 IPER  ISTEP           DLEN           ILYR    IROW   ICOL                     STA                     FBC                     CST                     IBE                     IBV                     WST                     CNH                     ABER
 1          1          0.38313807       1          1          1          -0.00000000e+00  1.17157361e-02   0.00000000e+00   0.00000000e+00   0.00000000e+00   0.00000000e+00   -1.17157361e-02  0.00000000e+00  
 1          1          0.38313807       1          1          2          -0.00000000e+00  -2.34314723e-02  0.00000000e+00   0.00000000e+00   2.34314723e-02   0.00000000e+00   0.00000000e+00   0.00000000e+00  
 1          1          0.38313807       1          1          3          -0.00000000e+00  1.17157361e-02   0.00000000e+00   0.00000000e+00   0.00000000e+00   0.00000000e+00   -1.17157361e-02  0.00000000e+00  
 1          2          0.40229497       1          1          1          -0.00000000e+00  1.00502046e-02   0.00000000e+00   0.00000000e+00   0.00000000e+00   0.00000000e+00   -1.00502046e-02  0.00000000e+00  
 1          2          0.40229497       1          1          2          -0.00000000e+00  -2.01004092e-02  0.00000000e+00   0.00000000e+00   2.01004092e-02   0.00000000e+00   0.00000000e+00   0.00000000e+00  
 1          2          0.40229497       1          1          3          -0.00000000e+00  1.00502046e-02   0.00000000e+00   0.00000000e+00   0.00000000e+00   0.00000000e+00   -1.00502046e-02  0.00000000e+00  
 1          3          0.42240972       1          1          1          -0.00000000e+00  8.77072957e-03   0.00000000e+00   0.00000000e+00   0.00000000e+00   0.00000000e+00   -8.77072957e-03  0.00000000e+00  
 1          3          0.42240972       1          1          2          -0.00000000e+00  -1.75414591e-02  0.00000000e+00   0.00000000e+00   1.75414591e-02   0.00000000e+00   0.00000000e+00   2.93105624e-18  
 1          3          0.42240972       1          1          3          -0.00000000e+00  8.77072957e-03   0.00000000e+00   0.00000000e+00   0.00000000e+00   0.00000000e+00   -8.77072957e-03  0.00000000e+00  
 1          4          0.44353021       1          1          1          -0.00000000e+00  7.79456202e-03   0.00000000e+00   0.00000000e+00   0.00000000e+00   0.00000000e+00   -7.79456202e-03  0.00000000e+00  
 1          4          0.44353021       1          1          2          -0.00000000e+00  -1.55891240e-02  0.00000000e+00   0.00000000e+00   1.55891240e-02   0.00000000e+00   0.00000000e+00   3.07760905e-18  
 1          4          0.44353021       1          1          3          -0.00000000e+00  7.79456202e-03   0.00000000e+00   0.00000000e+00   0.00000000e+00   0.00000000e+00   -7.79456202e-03  0.00000000e+00  
 1          5          0.46570672       1          1          1          -0.00000000e+00  7.05392148e-03   0.00000000e+00   0.00000000e+00   0.00000000e+00   0.00000000e+00   -7.05392148e-03  0.00000000e+00  
 1          5          0.46570672       1          1          2          -0.00000000e+00  -1.41078430e-02  0.00000000e+00   0.00000000e+00   1.41078430e-02   0.00000000e+00   0.00000000e+00   1.61574475e-18  
 1          5          0.46570672       1          1          3          -0.00000000e+00  7.05392148e-03   0.00000000e+00   0.00000000e+00   0.00000000e+00   0.00000000e+00   -7.05392148e-03  0.00000000e+00  
 1          6          0.48899205       1          1          1          -0.00000000e+00  6.49444678e-03   0.00000000e+00   0.00000000e+00   0.00000000e+00   0.00000000e+00   -6.49444678e-03  0.00000000e+00  
 1          6          0.48899205       1          1          2          -0.00000000e+00  -1.29888936e-02  0.00000000e+00   0.00000000e+00   1.29888936e-02   0.00000000e+00   0.00000000e+00   1.69653199e-18  
 1          6          0.48899205       1          1          3          -0.00000000e+00  6.49444678e-03   0.00000000e+00   0.00000000e+00   0.00000000e+00   0.00000000e+00   -6.49444678e-03  0.00000000e+00  
 1          7          0.51344166       1          1          1          -0.00000000e+00  6.07334420e-03   0.00000000e+00   0.00000000e+00   0.00000000e+00   0.00000000e+00   -6.07334420e-03  0.00000000e+00  
 1          7          0.51344166       1          1          2          -0.00000000e+00  -1.21466884e-02  0.00000000e+00   0.00000000e+00   1.21466884e-02   0.00000000e+00   0.00000000e+00   0.00000000e+00  
 1          7          0.51344166       1          1          3          -0.00000000e+00  6.07334420e-03   0.00000000e+00   0.00000000e+00   0.00000000e+00   0.00000000e+00   -6.07334420e-03  0.00000000e+00  
 1          8          0.53911374       1          1          1          -0.00000000e+00  5.75747602e-03   0.00000000e+00   0.00000000e+00   0.00000000e+00   0.00000000e+00   -5.75747602e-03  0.00000000e+00  
 1          8          0.53911374       1          1          2          -0.00000000e+00  -1.15149520e-02  0.00000000e+00   0.00000000e+00   1.15149520e-02   0.00000000e+00   0.00000000e+00   0.00000000e+00  
 1          8          0.53911374       1          1          3          -0.00000000e+00  5.75747602e-03   0.00000000e+00   0.00000000e+00   0.00000000e+00   0.00000000e+00   -5.75747602e-03  0.00000000e+00  
 1          9          0.56606943       1          1          1          -0.00000000e+00  5.52154668e-03   0.00000000e+00   0.00000000e+00   0.00000000e+00   0.00000000e+00   -5.52154668e-03  0.00000000e+00  
 1          9          0.56606943       1          1          2          -0.00000000e+00  -1.10430934e-02  0.00000000e+00   0.00000000e+00   1.10430934e-02   0.00000000e+00   0.00000000e+00   0.00000000e+00  
 1          9          0.56606943       1          1          3          -0.00000000e+00  5.52154668e-03   0.00000000e+00   0.00000000e+00   0.00000000e+00   0.00000000e+00   -5.52154668e-03  0.00000000e+00  
 1          10         0.59437290       1          1          1          -0.00000000e+00  5.34647928e-03   0.00000000e+00   0.00000000e+00   0.00000000e+00   0.00000000e+00   -5.34647928e-03  0.00000000e+00  
 1          10         0.59437290       1          1          2          -0.00000000e+00  -1.06929586e-02  0.00000000e+00   0.00000000e+00   1.06929586e-02   0.00000000e+00   0.00000000e+00   2.06214524e-18  
 1          10         0.59437290       1          1          3          -0.00000000e+00  5.34647928e-03   0.00000000e+00   0.00000000e+00   0.00000000e+00   0.00000000e+00   -5.34647928e-03  0.00000000e+00  
 1          11         0.62409154       1          1          1          -0.00000000e+00  5.21802560e-03   0.00000000e+00   0.00000000e+00   0.00000000e+00   0.00000000e+00   -5.21802560e-03  0.00000000e+00  
 1          11         0.62409154       1          1          2          -0.00000000e+00  -1.04360512e-02  0.00000000e+00   0.00000000e+00   1.04360512e-02   0.00000000e+00   0.00000000e+00   -2.16525250e-18 
 1          11         0.62409154       1          1          3          -0.00000000e+00  5.21802560e-03   0.00000000e+00   0.00000000e+00   0.00000000e+00   0.00000000e+00   -5.21802560e-03  0.00000000e+00  
 1          12         0.65529612       1          1          1          -0.00000000e+00  5.12561841e-03   0.00000000e+00   0.00000000e+00   0.00000000e+00   0.00000000e+00   -5.12561841e-03  0.00000000e+00  
 1          12         0.65529612       1          1          2          -0.00000000e+00  -1.02512368e-02  0.00000000e+00   0.00000000e+00   1.02512368e-02   0.00000000e+00   0.00000000e+00   2.27351513e-18  
 1          12         0.65529612       1          1          3          -0.00000000e+00  5.12561841e-03   0.00000000e+00   0.00000000e+00   0.00000000e+00   0.00000000e+00   -5.12561841e-03  0.00000000e+00  
 1          13         0.68806093       1          1          1          -0.00000000e+00  5.06145257e-03   0.00000000e+00   0.00000000e+00   0.00000000e+00   0.00000000e+00   -5.06145257e-03  0.00000000e+00  
 1          13         0.68806093       1          1          2          -0.00000000e+00  -1.01229051e-02  0.00000000e+00   0.00000000e+00   1.01229051e-02   0.00000000e+00   0.00000000e+00   1.19359544e-18  
 1          13         0.68806093       1          1          3          -0.00000000e+00  5.06145257e-03   0.00000000e+00   0.00000000e+00   0.00000000e+00   0.00000000e+00   -5.06145257e-03  0.00000000e+00  
 1          14         0.72246397       1          1          1          -0.00000000e+00  5.01976865e-03   0.00000000e+00   0.00000000e+00   0.00000000e+00   0.00000000e+00   -5.01976865e-03  0.00000000e+00  
 1          14         0.72246397       1          1          2          -0.00000000e+00  -1.00395373e-02  0.00000000e+00   0.00000000e+00   1.00395373e-02   0.00000000e+00   0.00000000e+00   0.00000000e+00  
 1          14         0.72246397       1          1          3          -0.00000000e+00  5.01976865e-03   0.00000000e+00   0.00000000e+00   0.00000000e+00   0.00000000e+00   -5.01976865e-03  0.00000000e+00  
 1          15         0.75858717       1          1          1          -0.00000000e+00  4.99630722e-03   0.00000000e+00   0.00000000e+00   0.00000000e+00   0.00000000e+00   -4.99630722e-03  0.00000000e+00  
 1          15         0.75858717       1          1          2          -0.00000000e+00  -9.99261444e-03  0.00000000e+00   0.00000000e+00   9.99261444e-03   0.00000000e+00   0.00000000e+00   -1.31593897e-18 
 1          15         0.75858717       1          1          3          -0.00000000e+00  4.99630722e-03   0.00000000e+00   0.00000000e+00   0.00000000e+00   0.00000000e+00   -4.99630722e-03  0.00000000e+00  
 1          16         0.79651653       1          1          1          -0.00000000e+00  4.98790126e-03   0.00000000e+00   0.00000000e+00   0.00000000e+00   0.00000000e+00   -4.98790126e-03  0.00000000e+00  
 1          16         0.79651653       1          1          2          -0.00000000e+00  -9.97580252e-03  0.00000000e+00   0.00000000e+00   9.97580252e-03   0.00000000e+00   0.00000000e+00   0.00000000e+00  
 1          16         0.79651653       1          1          3          -0.00000000e+00  4.98790126e-03   0.00000000e+00   0.00000000e+00   0.00000000e+00   0.00000000e+00   -4.98790126e-03  0.00000000e+00  
 1          17         0.83634236       1          1          1          -0.00000000e+00  4.99217694e-03   0.00000000e+00   0.00000000e+00   0.00000000e+00   0.00000000e+00   -4.99217694e-03  0.00000000e+00  
 1          17         0.83634236       1          1          2          -0.00000000e+00  -9.98435389e-03  0.00000000e+00   0.00000000e+00   9.98435389e-03   0.00000000e+00   0.00000000e+00   0.00000000e+00  
 1          17         0.83634236       1          1          3          -0.00000000e+00  4.99217694e-03   0.00000000e+00   0.00000000e+00   0.00000000e+00   0.00000000e+00   -4.99217694e-03  0.00000000e+00  
 1          18         0.87815947       1          1          1          -0.00000000e+00  5.00733669e-03   0.00000000e+00   0.00000000e+00   0.00000000e+00   0.00000000e+00   -5.00733669e-03  0.00000000e+00  
 1          18         0.87815947       1          1          2          -0.00000000e+00  -1.00146734e-02  0.00000000e+00   0.00000000e+00   1.00146734e-02   0.00000000e+00   0.00000000e+00   0.00000000e+00  
 1          18         0.87815947       1          1          3          -0.00000000e+00  5.00733669e-03   0.00000000e+00   0.00000000e+00   0.00000000e+00   0.00000000e+00   -5.00733669e-03  0.00000000e+00  
 1          19         0.92206745       1          1          1          -0.00000000e+00  5.03200342e-03   0.00000000e+00   0.00000000e+00   0.00000000e+00   0.00000000e+00   -5.03200342e-03  0.00000000e+00  
 1          19         0.92206745       1          1          2          -0.00000000e+00  -1.00640068e-02  0.00000000e+00   0.00000000e+00   1.00640068e-02   0.00000000e+00   0.00000000e+00   0.00000000e+00  
 1          19         0.92206745       1          1          3          -0.00000000e+00  5.03200342e-03   0.00000000e+00   0.00000000e+00   0.00000000e+00   0.00000000e+00   -5.03200342e-03  0.00000000e+00  
 1          20         0.96817082       1          1          1          -0.00000000e+00  5.06510931e-03   0.00000000e+00   0.00000000e+00   0.00000000e+00   0.00000000e+00   -5.06510931e-03  0.00000000e+00  
 1          20         0.96817082       1          1          2          -0.00000000e+00  -1.01302186e-02  0.00000000e+00   0.00000000e+00   1.01302186e-02   0.00000000e+00   0.00000000e+00   0.00000000e+00  
 1          20         0.96817082       1          1          3          -0.00000000e+00  5.06510931e-03   0.00000000e+00   0.00000000e+00   0.00000000e+00   0.00000000e+00   -5.06510931e-03  0.00000000e+00  
 1          21         1.01657936       1          1          1          -0.00000000e+00  5.10581627e-03   0.00000000e+00   0.00000000e+00   0.00000000e+00   0.00000000e+00   -5.10581627e-03  0.00000000e+00  
 1          21         1.01657936       1          1          2          -0.00000000e+00  -1.02116325e-02  0.00000000e+00   0.00000000e+00   1.02116325e-02   0.00000000e+00   0.00000000e+00   0.00000000e+00  
 1          21         1.01657936       1          1          3          -0.00000000e+00  5.10581627e-03   0.00000000e+00   0.00000000e+00   0.00000000e+00   0.00000000e+00   -5.10581627e-03  0.00000000e+00  
 1          22         1.06740833       1          1          1          -0.00000000e+00  5.15345892e-03   0.00000000e+00   0.00000000e+00   0.00000000e+00   0.00000000e+00   -5.15345892e-03  0.00000000e+00  
 1          22         1.06740833       1          1          2          -0.00000000e+00  -1.03069178e-02  0.00000000e+00   0.00000000e+00   1.03069178e-02   0.00000000e+00   0.00000000e+00   0.00000000e+00  
 1          22         1.06740833       1          1          3          -0.00000000e+00  5.15345892e-03   0.00000000e+00   0.00000000e+00   0.00000000e+00   0.00000000e+00   -5.15345892e-03  0.00000000e+00  
 1          23         1.12077875       1          1          1          -0.00000000e+00  5.20750316e-03   0.00000000e+00   0.00000000e+00   0.00000000e+00   0.00000000e+00   -5.20750316e-03  0.00000000e+00  
 1          23         1.12077875       1          1          2          -0.00000000e+00  -1.04150063e-02  0.00000000e+00   0.00000000e+00   1.04150063e-02   0.00000000e+00   0.00000000e+00   0.00000000e+00  
 1          23         1.12077875       1          1          3          -0.00000000e+00  5.20750316e-03   0.00000000e+00   0.00000000e+00   0.00000000e+00   0.00000000e+00   -5.20750316e-03  0.00000000e+00  
 1          24         1.17681768       1          1          1          -0.00000000e+00  5.26751551e-03   0.00000000e+00   0.00000000e+00   0.00000000e+00   0.00000000e+00   -5.26751551e-03  0.00000000e+00  
 1          24         1.17681768       1          1          2          -0.00000000e+00  -1.05350310e-02  0.00000000e+00   0.00000000e+00   1.05350310e-02   0.00000000e+00   0.00000000e+00   0.00000000e+00  
 1          24         1.17681768       1          1          3          -0.00000000e+00  5.26751551e-03   0.00000000e+00   0.00000000e+00   0.00000000e+00   0.00000000e+00   -5.26751551e-03  0.00000000e+00  
 1          25         1.23565857       1          1          1          -0.00000000e+00  5.33313985e-03   0.00000000e+00   0.00000000e+00   0.00000000e+00   0.00000000e+00   -5.33313985e-03  0.00000000e+00  
 1          25         1.23565857       1          1          2          -0.00000000e+00  -1.06662797e-02  0.00000000e+00   0.00000000e+00   1.06662797e-02   0.00000000e+00   0.00000000e+00   0.00000000e+00  
 1          25         1.23565857       1          1          3          -0.00000000e+00  5.33313985e-03   0.00000000e+00   0.00000000e+00   0.00000000e+00   0.00000000e+00   -5.33313985e-03  0.00000000e+00  
 1          26         1.29744149       1          1          1          -0.00000000e+00  5.40407908e-03   0.00000000e+00   0.00000000e+00   0.00000000e+00   0.00000000e+00   -5.40407908e-03  0.00000000e+00  
 1          26         1.29744149       1          1          2          -0.00000000e+00  -1.08081582e-02  0.00000000e+00   0.00000000e+00   1.08081582e-02   0.00000000e+00   0.00000000e+00   0.00000000e+00  
 1          26         1.29744149       1          1          3          -0.00000000e+00  5.40407908e-03   0.00000000e+00   0.00000000e+00   0.00000000e+00   0.00000000e+00   -5.40407908e-03  0.00000000e+00  
 1          27         1.36231357       1          1          1          -0.00000000e+00  5.48007996e-03   0.00000000e+00   0.00000000e+00   0.00000000e+00   0.00000000e+00   -5.48007996e-03  0.00000000e+00  
 1          27         1.36231357       1          1          2          -0.00000000e+00  -1.09601599e-02  0.00000000e+00   0.00000000e+00   1.09601599e-02   0.00000000e+00   0.00000000e+00   0.00000000e+00  
 1          27         1.36231357       1          1          3          -0.00000000e+00  5.48007996e-03   0.00000000e+00   0.00000000e+00   0.00000000e+00   0.00000000e+00   -5.48007996e-03  0.00000000e+00  
 1          28         1.43042925       1          1          1          -0.00000000e+00  5.56091999e-03   0.00000000e+00   0.00000000e+00   0.00000000e+00   0.00000000e+00   -5.56091999e-03  0.00000000e+00  
 1          28         1.43042925       1          1          2          -0.00000000e+00  -1.11218400e-02  0.00000000e+00   0.00000000e+00   1.11218400e-02   0.00000000e+00   0.00000000e+00   0.00000000e+00  
 1          28         1.43042925       1          1          3          -0.00000000e+00  5.56091999e-03   0.00000000e+00   0.00000000e+00   0.00000000e+00   0.00000000e+00   -5.56091999e-03  0.00000000e+00  
 1          29         1.50195071       1          1          1          -0.00000000e+00  5.64639528e-03   0.00000000e+00   0.00000000e+00   0.00000000e+00   0.00000000e+00   -5.64639528e-03  0.00000000e+00  
 1          29         1.50195071       1          1          2          -0.00000000e+00  -1.12927906e-02  0.00000000e+00   0.00000000e+00   1.12927906e-02   0.00000000e+00   0.00000000e+00   -1.30273458e-18 
 1          29         1.50195071       1          1          3          -0.00000000e+00  5.64639528e-03   0.00000000e+00   0.00000000e+00   0.00000000e+00   0.00000000e+00   -5.64639528e-03  0.00000000e+00  
 1          30         1.57704825       1          1          1          -0.00000000e+00  5.73630899e-03   0.00000000e+00   0.00000000e+00   0.00000000e+00   0.00000000e+00   -5.73630899e-03  0.00000000e+00  
 1          30         1.57704825       1          1          2          -0.00000000e+00  -1.14726180e-02  0.00000000e+00   0.00000000e+00   1.14726180e-02   0.00000000e+00   0.00000000e+00   0.00000000e+00  
 1          30         1.57704825       1          1          3          -0.00000000e+00  5.73630899e-03   0.00000000e+00   0.00000000e+00   0.00000000e+00   0.00000000e+00   -5.73630899e-03  0.00000000e+00  
 1          31         1.65590066       1          1          1          -0.00000000e+00  5.83045972e-03   0.00000000e+00   0.00000000e+00   0.00000000e+00   0.00000000e+00   -5.83045972e-03  0.00000000e+00  
 1          31         1.65590066       1          1          2          -0.00000000e+00  -1.16609194e-02  0.00000000e+00   0.00000000e+00   1.16609194e-02   0.00000000e+00   0.00000000e+00   0.00000000e+00  
 1          31         1.65590066       1          1          3          -0.00000000e+00  5.83045972e-03   0.00000000e+00   0.00000000e+00   0.00000000e+00   0.00000000e+00   -5.83045972e-03  0.00000000e+00  
 1          32         1.73869569       1          1          1          -0.00000000e+00  5.92862976e-03   0.00000000e+00   0.00000000e+00   0.00000000e+00   0.00000000e+00   -5.92862976e-03  0.00000000e+00  
 1          32         1.73869569       1          1          2          -0.00000000e+00  -1.18572595e-02  0.00000000e+00   0.00000000e+00   1.18572595e-02   0.00000000e+00   0.00000000e+00   1.50807812e-18  
 1          32         1.73869569       1          1          3          -0.00000000e+00  5.92862976e-03   0.00000000e+00   0.00000000e+00   0.00000000e+00   0.00000000e+00   -5.92862976e-03  0.00000000e+00  
 1          33         1.82563048       1          1          1          -0.00000000e+00  6.03057317e-03   0.00000000e+00   0.00000000e+00   0.00000000e+00   0.00000000e+00   -6.03057317e-03  0.00000000e+00  
 1          33         1.82563048       1          1          2          -0.00000000e+00  -1.20611463e-02  0.00000000e+00   0.00000000e+00   1.20611463e-02   0.00000000e+00   0.00000000e+00   0.00000000e+00  
 1          33         1.82563048       1          1          3          -0.00000000e+00  6.03057317e-03   0.00000000e+00   0.00000000e+00   0.00000000e+00   0.00000000e+00   -6.03057317e-03  0.00000000e+00  
 1          34         1.91691200       1          1          1          -0.00000000e+00  6.13600357e-03   0.00000000e+00   0.00000000e+00   0.00000000e+00   0.00000000e+00   -6.13600357e-03  0.00000000e+00  
 1          34         1.91691200       1          1          2          -0.00000000e+00  -1.22720071e-02  0.00000000e+00   0.00000000e+00   1.22720071e-02   0.00000000e+00   0.00000000e+00   0.00000000e+00  
 1          34         1.91691200       1          1          3          -0.00000000e+00  6.13600357e-03   0.00000000e+00   0.00000000e+00   0.00000000e+00   0.00000000e+00   -6.13600357e-03  0.00000000e+00  
 1          35         2.01275760       1          1          1          -0.00000000e+00  6.24458220e-03   0.00000000e+00   0.00000000e+00   0.00000000e+00   0.00000000e+00   -6.24458220e-03  0.00000000e+00  
 1          35         2.01275760       1          1          2          -0.00000000e+00  -1.24891644e-02  0.00000000e+00   0.00000000e+00   1.24891644e-02   0.00000000e+00   0.00000000e+00   0.00000000e+00  
 1          35         2.01275760       1          1          3          -0.00000000e+00  6.24458220e-03   0.00000000e+00   0.00000000e+00   0.00000000e+00   0.00000000e+00   -6.24458220e-03  0.00000000e+00  
 1          36         2.11339548       1          1          1          -0.00000000e+00  6.35590625e-03   0.00000000e+00   0.00000000e+00   0.00000000e+00   0.00000000e+00   -6.35590625e-03  0.00000000e+00  
 1          36         2.11339548       1          1          2          -0.00000000e+00  -1.27118125e-02  0.00000000e+00   0.00000000e+00   1.27118125e-02   0.00000000e+00   0.00000000e+00   0.00000000e+00  
 1          36         2.11339548       1          1          3          -0.00000000e+00  6.35590625e-03   0.00000000e+00   0.00000000e+00   0.00000000e+00   0.00000000e+00   -6.35590625e-03  0.00000000e+00  
 1          37         2.21906525       1          1          1          -0.00000000e+00  6.46949819e-03   0.00000000e+00   0.00000000e+00   0.00000000e+00   0.00000000e+00   -6.46949819e-03  0.00000000e+00  
 1          37         2.21906525       1          1          2          -0.00000000e+00  -1.29389964e-02  0.00000000e+00   0.00000000e+00   1.29389964e-02   0.00000000e+00   0.00000000e+00   0.00000000e+00  
 1          37         2.21906525       1          1          3          -0.00000000e+00  6.46949819e-03   0.00000000e+00   0.00000000e+00   0.00000000e+00   0.00000000e+00   -6.46949819e-03  0.00000000e+00  
 1          38         2.33001852       1          1          1          -0.00000000e+00  6.58479639e-03   0.00000000e+00   0.00000000e+00   0.00000000e+00   0.00000000e+00   -6.58479639e-03  0.00000000e+00  
 1          38         2.33001852       1          1          2          -0.00000000e+00  -1.31695928e-02  0.00000000e+00   0.00000000e+00   1.31695928e-02   0.00000000e+00   0.00000000e+00   2.02096891e-18  
 1          38         2.33001852       1          1          3          -0.00000000e+00  6.58479639e-03   0.00000000e+00   0.00000000e+00   0.00000000e+00   0.00000000e+00   -6.58479639e-03  0.00000000e+00  
 1          39         2.44651944       1          1          1          -0.00000000e+00  6.70114750e-03   0.00000000e+00   0.00000000e+00   0.00000000e+00   0.00000000e+00   -6.70114750e-03  0.00000000e+00  
 1          39         2.44651944       1          1          2          -0.00000000e+00  -1.34022950e-02  0.00000000e+00   0.00000000e+00   1.34022950e-02   0.00000000e+00   0.00000000e+00   2.12201736e-18  
 1          39         2.44651944       1          1          3          -0.00000000e+00  6.70114750e-03   0.00000000e+00   0.00000000e+00   0.00000000e+00   0.00000000e+00   -6.70114750e-03  0.00000000e+00  
 1          40         2.56884541       1          1          1          -0.00000000e+00  6.81780129e-03   0.00000000e+00   0.00000000e+00   0.00000000e+00   0.00000000e+00   -6.81780129e-03  0.00000000e+00  
 1          40         2.56884541       1          1          2          -0.00000000e+00  -1.36356026e-02  0.00000000e+00   0.00000000e+00   1.36356026e-02   0.00000000e+00   0.00000000e+00   0.00000000e+00  
 1          40         2.56884541       1          1          3          -0.00000000e+00  6.81780129e-03   0.00000000e+00   0.00000000e+00   0.00000000e+00   0.00000000e+00   -6.81780129e-03  0.00000000e+00  
 1          41         2.69728768       1          1          1          -0.00000000e+00  6.93390793e-03   0.00000000e+00   0.00000000e+00   0.00000000e+00   0.00000000e+00   -6.93390793e-03  0.00000000e+00  
 1          41         2.69728768       1          1          2          -0.00000000e+00  -1.38678159e-02  0.00000000e+00   0.00000000e+00   1.38678159e-02   0.00000000e+00   0.00000000e+00   -2.33952413e-18 
 1          41         2.69728768       1          1          3          -0.00000000e+00  6.93390793e-03   0.00000000e+00   0.00000000e+00   0.00000000e+00   0.00000000e+00   -6.93390793e-03  0.00000000e+00  
 1          42         2.83215207       1          1          1          -0.00000000e+00  7.04851838e-03   0.00000000e+00   0.00000000e+00   0.00000000e+00   0.00000000e+00   -7.04851838e-03  0.00000000e+00  
 1          42         2.83215207       1          1          2          -0.00000000e+00  -1.40970368e-02  0.00000000e+00   0.00000000e+00   1.40970368e-02   0.00000000e+00   0.00000000e+00   0.00000000e+00  
 1          42         2.83215207       1          1          3          -0.00000000e+00  7.04851838e-03   0.00000000e+00   0.00000000e+00   0.00000000e+00   0.00000000e+00   -7.04851838e-03  0.00000000e+00  
 1          43         2.97375967       1          1          1          -0.00000000e+00  7.16058775e-03   0.00000000e+00   0.00000000e+00   0.00000000e+00   0.00000000e+00   -7.16058775e-03  0.00000000e+00  
 1          43         2.97375967       1          1          2          -0.00000000e+00  -1.43211755e-02  0.00000000e+00   0.00000000e+00   1.43211755e-02   0.00000000e+00   0.00000000e+00   0.00000000e+00  
 1          43         2.97375967       1          1          3          -0.00000000e+00  7.16058775e-03   0.00000000e+00   0.00000000e+00   0.00000000e+00   0.00000000e+00   -7.16058775e-03  0.00000000e+00  
 1          44         3.12244766       1          1          1          -0.00000000e+00  7.26898180e-03   0.00000000e+00   0.00000000e+00   0.00000000e+00   0.00000000e+00   -7.26898180e-03  0.00000000e+00  
 1          44         3.12244766       1          1          2          -0.00000000e+00  -1.45379636e-02  0.00000000e+00   0.00000000e+00   1.45379636e-02   0.00000000e+00   0.00000000e+00   0.00000000e+00  
 1          44         3.12244766       1          1          3          -0.00000000e+00  7.26898180e-03   0.00000000e+00   0.00000000e+00   0.00000000e+00   0.00000000e+00   -7.26898180e-03  0.00000000e+00  
 1          45         3.27857004       1          1          1          -0.00000000e+00  7.37248643e-03   0.00000000e+00   0.00000000e+00   0.00000000e+00   0.00000000e+00   -7.37248643e-03  0.00000000e+00  
 1          45         3.27857004       1          1          2          -0.00000000e+00  -1.47449729e-02  0.00000000e+00   0.00000000e+00   1.47449729e-02   0.00000000e+00   0.00000000e+00   0.00000000e+00  
 1          45         3.27857004       1          1          3          -0.00000000e+00  7.37248643e-03   0.00000000e+00   0.00000000e+00   0.00000000e+00   0.00000000e+00   -7.37248643e-03  0.00000000e+00  
 1          46         3.44249854       1          1          1          -0.00000000e+00  7.46981993e-03   0.00000000e+00   0.00000000e+00   0.00000000e+00   0.00000000e+00   -7.46981993e-03  0.00000000e+00  
 1          46         3.44249854       1          1          2          -0.00000000e+00  -1.49396399e-02  0.00000000e+00   0.00000000e+00   1.49396399e-02   0.00000000e+00   0.00000000e+00   2.98589152e-18  
 1          46         3.44249854       1          1          3          -0.00000000e+00  7.46981993e-03   0.00000000e+00   0.00000000e+00   0.00000000e+00   0.00000000e+00   -7.46981993e-03  0.00000000e+00  
 1          47         3.61462347       1          1          1          -0.00000000e+00  7.55964760e-03   0.00000000e+00   0.00000000e+00   0.00000000e+00   0.00000000e+00   -7.55964760e-03  0.00000000e+00  
 1          47         3.61462347       1          1          2          -0.00000000e+00  -1.51192952e-02  0.00000000e+00   0.00000000e+00   1.51192952e-02   0.00000000e+00   0.00000000e+00   0.00000000e+00  
 1          47         3.61462347       1          1          3          -0.00000000e+00  7.55964760e-03   0.00000000e+00   0.00000000e+00   0.00000000e+00   0.00000000e+00   -7.55964760e-03  0.00000000e+00  
 1          48         3.79535464       1          1          1          -0.00000000e+00  7.64059843e-03   0.00000000e+00   0.00000000e+00   0.00000000e+00   0.00000000e+00   -7.64059843e-03  0.00000000e+00  
 1          48         3.79535464       1          1          2          -0.00000000e+00  -1.52811969e-02  0.00000000e+00   0.00000000e+00   1.52811969e-02   0.00000000e+00   0.00000000e+00   0.00000000e+00  
 1          48         3.79535464       1          1          3          -0.00000000e+00  7.64059843e-03   0.00000000e+00   0.00000000e+00   0.00000000e+00   0.00000000e+00   -7.64059843e-03  0.00000000e+00  
 1          49         3.98512237       1          1          1          -0.00000000e+00  7.71128344e-03   0.00000000e+00   0.00000000e+00   0.00000000e+00   0.00000000e+00   -7.71128344e-03  0.00000000e+00  
 1          49         3.98512237       1          1          2          -0.00000000e+00  -1.54225669e-02  0.00000000e+00   0.00000000e+00   1.54225669e-02   0.00000000e+00   0.00000000e+00   0.00000000e+00  
 1          49         3.98512237       1          1          3          -0.00000000e+00  7.71128344e-03   0.00000000e+00   0.00000000e+00   0.00000000e+00   0.00000000e+00   -7.71128344e-03  0.00000000e+00  
 1          50         4.18437849       1          1          1          -0.00000000e+00  7.77031505e-03   0.00000000e+00   0.00000000e+00   0.00000000e+00   0.00000000e+00   -7.77031505e-03  0.00000000e+00  
 1          50         4.18437849       1          1          2          -0.00000000e+00  -1.55406301e-02  0.00000000e+00   0.00000000e+00   1.55406301e-02   0.00000000e+00   0.00000000e+00   -1.81468490e-18 
 1          50         4.18437849       1          1          3          -0.00000000e+00  7.77031505e-03   0.00000000e+00   0.00000000e+00   0.00000000e+00   0.00000000e+00   -7.77031505e-03  0.00000000e+00  
 1          51         4.39359742       1          1          1          -0.00000000e+00  7.81632737e-03   0.00000000e+00   0.00000000e+00   0.00000000e+00   0.00000000e+00   -7.81632737e-03  0.00000000e+00  
 1          51         4.39359742       1          1          2          -0.00000000e+00  -1.56326547e-02  0.00000000e+00   0.00000000e+00   1.56326547e-02   0.00000000e+00   0.00000000e+00   0.00000000e+00  
 1          51         4.39359742       1          1          3          -0.00000000e+00  7.81632737e-03   0.00000000e+00   0.00000000e+00   0.00000000e+00   0.00000000e+00   -7.81632737e-03  0.00000000e+00  
 1          52         4.61327729       1          1          1          -0.00000000e+00  7.84799678e-03   0.00000000e+00   0.00000000e+00   0.00000000e+00   0.00000000e+00   -7.84799678e-03  0.00000000e+00  
 1          52         4.61327729       1          1          2          -0.00000000e+00  -1.56959936e-02  0.00000000e+00   0.00000000e+00   1.56959936e-02   0.00000000e+00   0.00000000e+00   2.00069010e-18  
 1          52         4.61327729       1          1          3          -0.00000000e+00  7.84799678e-03   0.00000000e+00   0.00000000e+00   0.00000000e+00   0.00000000e+00   -7.84799678e-03  0.00000000e+00  
 1          53         4.84394115       1          1          1          -0.00000000e+00  7.86406266e-03   0.00000000e+00   0.00000000e+00   0.00000000e+00   0.00000000e+00   -7.86406266e-03  0.00000000e+00  
 1          53         4.84394115       1          1          2          -0.00000000e+00  -1.57281253e-02  0.00000000e+00   0.00000000e+00   1.57281253e-02   0.00000000e+00   0.00000000e+00   0.00000000e+00  
 1          53         4.84394115       1          1          3          -0.00000000e+00  7.86406266e-03   0.00000000e+00   0.00000000e+00   0.00000000e+00   0.00000000e+00   -7.86406266e-03  0.00000000e+00  
 1          54         5.08613821       1          1          1          -0.00000000e+00  7.86334799e-03   0.00000000e+00   0.00000000e+00   0.00000000e+00   0.00000000e+00   -7.86334799e-03  0.00000000e+00  
 1          54         5.08613821       1          1          2          -0.00000000e+00  -1.57266960e-02  0.00000000e+00   0.00000000e+00   1.57266960e-02   0.00000000e+00   0.00000000e+00   -2.20576084e-18 
 1          54         5.08613821       1          1          3          -0.00000000e+00  7.86334799e-03   0.00000000e+00   0.00000000e+00   0.00000000e+00   0.00000000e+00   -7.86334799e-03  0.00000000e+00  
 1          55         5.34044512       1          1          1          -0.00000000e+00  7.84477961e-03   0.00000000e+00   0.00000000e+00   0.00000000e+00   0.00000000e+00   -7.84477961e-03  0.00000000e+00  
 1          55         5.34044512       1          1          2          -0.00000000e+00  -1.56895592e-02  0.00000000e+00   0.00000000e+00   1.56895592e-02   0.00000000e+00   0.00000000e+00   0.00000000e+00  
 1          55         5.34044512       1          1          3          -0.00000000e+00  7.84477961e-03   0.00000000e+00   0.00000000e+00   0.00000000e+00   0.00000000e+00   -7.84477961e-03  0.00000000e+00  
 1          56         5.60746738       1          1          1          -0.00000000e+00  7.80740801e-03   0.00000000e+00   0.00000000e+00   0.00000000e+00   0.00000000e+00   -7.80740801e-03  0.00000000e+00  
 1          56         5.60746738       1          1          2          -0.00000000e+00  -1.56148160e-02  0.00000000e+00   0.00000000e+00   1.56148160e-02   0.00000000e+00   0.00000000e+00   0.00000000e+00  
 1          56         5.60746738       1          1          3          -0.00000000e+00  7.80740801e-03   0.00000000e+00   0.00000000e+00   0.00000000e+00   0.00000000e+00   -7.80740801e-03  0.00000000e+00  
 1          57         5.88784074       1          1          1          -0.00000000e+00  7.75042654e-03   0.00000000e+00   0.00000000e+00   0.00000000e+00   0.00000000e+00   -7.75042654e-03  0.00000000e+00  
 1          57         5.88784074       1          1          2          -0.00000000e+00  -1.55008531e-02  0.00000000e+00   0.00000000e+00   1.55008531e-02   0.00000000e+00   0.00000000e+00   0.00000000e+00  
 1          57         5.88784074       1          1          3          -0.00000000e+00  7.75042654e-03   0.00000000e+00   0.00000000e+00   0.00000000e+00   0.00000000e+00   -7.75042654e-03  0.00000000e+00  
 1          58         6.18223278       1          1          1          -0.00000000e+00  7.67318991e-03   0.00000000e+00   0.00000000e+00   0.00000000e+00   0.00000000e+00   -7.67318991e-03  0.00000000e+00  
 1          58         6.18223278       1          1          2          -0.00000000e+00  -1.53463798e-02  0.00000000e+00   0.00000000e+00   1.53463798e-02   0.00000000e+00   0.00000000e+00   0.00000000e+00  
 1          58         6.18223278       1          1          3          -0.00000000e+00  7.67318991e-03   0.00000000e+00   0.00000000e+00   0.00000000e+00   0.00000000e+00   -7.67318991e-03  0.00000000e+00  
 1          59         6.49134442       1          1          1          -0.00000000e+00  7.57523179e-03   0.00000000e+00   0.00000000e+00   0.00000000e+00   0.00000000e+00   -7.57523179e-03  0.00000000e+00  
 1          59         6.49134442       1          1          2          -0.00000000e+00  -1.51504636e-02  0.00000000e+00   0.00000000e+00   1.51504636e-02   0.00000000e+00   0.00000000e+00   0.00000000e+00  
 1          59         6.49134442       1          1          3          -0.00000000e+00  7.57523179e-03   0.00000000e+00   0.00000000e+00   0.00000000e+00   0.00000000e+00   -7.57523179e-03  0.00000000e+00  
 1          60         6.81591164       1          1          1          -0.00000000e+00  7.45628123e-03   0.00000000e+00   0.00000000e+00   0.00000000e+00   0.00000000e+00   -7.45628123e-03  0.00000000e+00  
 1          60         6.81591164       1          1          2          -0.00000000e+00  -1.49125625e-02  0.00000000e+00   0.00000000e+00   1.49125625e-02   0.00000000e+00   0.00000000e+00   0.00000000e+00  
 1          60         6.81591164       1          1          3          -0.00000000e+00  7.45628123e-03   0.00000000e+00   0.00000000e+00   0.00000000e+00   0.00000000e+00   -7.45628123e-03  0.00000000e+00  
 1          61         7.15670722       1          1          1          -0.00000000e+00  7.31627782e-03   0.00000000e+00   0.00000000e+00   0.00000000e+00   0.00000000e+00   -7.31627782e-03  0.00000000e+00  
 1          61         7.15670722       1          1          2          -0.00000000e+00  -1.46325556e-02  0.00000000e+00   0.00000000e+00   1.46325556e-02   0.00000000e+00   0.00000000e+00   0.00000000e+00  
 1          61         7.15670722       1          1          3          -0.00000000e+00  7.31627782e-03   0.00000000e+00   0.00000000e+00   0.00000000e+00   0.00000000e+00   -7.31627782e-03  0.00000000e+00  
 1          62         7.51454258       1          1          1          -0.00000000e+00  7.15538494e-03   0.00000000e+00   0.00000000e+00   0.00000000e+00   0.00000000e+00   -7.15538494e-03  0.00000000e+00  
 1          62         7.51454258       1          1          2          -0.00000000e+00  -1.43107699e-02  0.00000000e+00   0.00000000e+00   1.43107699e-02   0.00000000e+00   0.00000000e+00   0.00000000e+00  
 1          62         7.51454258       1          1          3          -0.00000000e+00  7.15538494e-03   0.00000000e+00   0.00000000e+00   0.00000000e+00   0.00000000e+00   -7.15538494e-03  0.00000000e+00  
 1          63         7.89026971       1          1          1          -0.00000000e+00  6.97400086e-03   0.00000000e+00   0.00000000e+00   0.00000000e+00   0.00000000e+00   -6.97400086e-03  0.00000000e+00  
 1          63         7.89026971       1          1          2          -0.00000000e+00  -1.39480017e-02  0.00000000e+00   0.00000000e+00   1.39480017e-02   0.00000000e+00   0.00000000e+00   0.00000000e+00  
 1          63         7.89026971       1          1          3          -0.00000000e+00  6.97400086e-03   0.00000000e+00   0.00000000e+00   0.00000000e+00   0.00000000e+00   -6.97400086e-03  0.00000000e+00  
 1          64         8.28478320       1          1          1          -0.00000000e+00  6.77276701e-03   0.00000000e+00   0.00000000e+00   0.00000000e+00   0.00000000e+00   -6.77276701e-03  0.00000000e+00  
 1          64         8.28478320       1          1          2          -0.00000000e+00  -1.35455340e-02  0.00000000e+00   0.00000000e+00   1.35455340e-02   0.00000000e+00   0.00000000e+00   0.00000000e+00  
 1          64         8.28478320       1          1          3          -0.00000000e+00  6.77276701e-03   0.00000000e+00   0.00000000e+00   0.00000000e+00   0.00000000e+00   -6.77276701e-03  0.00000000e+00  
 1          65         8.69902236       1          1          1          -0.00000000e+00  6.55257302e-03   0.00000000e+00   0.00000000e+00   0.00000000e+00   0.00000000e+00   -6.55257302e-03  0.00000000e+00  
 1          65         8.69902236       1          1          2          -0.00000000e+00  -1.31051460e-02  0.00000000e+00   0.00000000e+00   1.31051460e-02   0.00000000e+00   0.00000000e+00   0.00000000e+00  
 1          65         8.69902236       1          1          3          -0.00000000e+00  6.55257302e-03   0.00000000e+00   0.00000000e+00   0.00000000e+00   0.00000000e+00   -6.55257302e-03  0.00000000e+00  
 1          66         9.13397348       1          1          1          -0.00000000e+00  6.31455773e-03   0.00000000e+00   0.00000000e+00   0.00000000e+00   0.00000000e+00   -6.31455773e-03  0.00000000e+00  
 1          66         9.13397348       1          1          2          -0.00000000e+00  -1.26291155e-02  0.00000000e+00   0.00000000e+00   1.26291155e-02   0.00000000e+00   0.00000000e+00   0.00000000e+00  
 1          66         9.13397348       1          1          3          -0.00000000e+00  6.31455773e-03   0.00000000e+00   0.00000000e+00   0.00000000e+00   0.00000000e+00   -6.31455773e-03  0.00000000e+00  
 1          67         9.59067215       1          1          1          -0.00000000e+00  6.06010575e-03   0.00000000e+00   0.00000000e+00   0.00000000e+00   0.00000000e+00   -6.06010575e-03  0.00000000e+00  
 1          67         9.59067215       1          1          2          -0.00000000e+00  -1.21202115e-02  0.00000000e+00   0.00000000e+00   1.21202115e-02   0.00000000e+00   0.00000000e+00   0.00000000e+00  
 1          67         9.59067215       1          1          3          -0.00000000e+00  6.06010575e-03   0.00000000e+00   0.00000000e+00   0.00000000e+00   0.00000000e+00   -6.06010575e-03  0.00000000e+00  
 1          68         10.07020576      1          1          1          -0.00000000e+00  5.79083894e-03   0.00000000e+00   0.00000000e+00   0.00000000e+00   0.00000000e+00   -5.79083894e-03  0.00000000e+00  
 1          68         10.07020576      1          1          2          -0.00000000e+00  -1.15816779e-02  0.00000000e+00   0.00000000e+00   1.15816779e-02   0.00000000e+00   0.00000000e+00   -2.18362779e-18 
 1          68         10.07020576      1          1          3          -0.00000000e+00  5.79083894e-03   0.00000000e+00   0.00000000e+00   0.00000000e+00   0.00000000e+00   -5.79083894e-03  0.00000000e+00  
 1          69         10.57371605      1          1          1          -0.00000000e+00  5.50860246e-03   0.00000000e+00   0.00000000e+00   0.00000000e+00   0.00000000e+00   -5.50860246e-03  0.00000000e+00  
 1          69         10.57371605      1          1          2          -0.00000000e+00  -1.10172049e-02  0.00000000e+00   0.00000000e+00   1.10172049e-02   0.00000000e+00   0.00000000e+00   0.00000000e+00  
 1          69         10.57371605      1          1          3          -0.00000000e+00  5.50860246e-03   0.00000000e+00   0.00000000e+00   0.00000000e+00   0.00000000e+00   -5.50860246e-03  0.00000000e+00  
 1          70         11.10240185      1          1          1          -0.00000000e+00  5.21544496e-03   0.00000000e+00   0.00000000e+00   0.00000000e+00   0.00000000e+00   -5.21544496e-03  0.00000000e+00  
 1          70         11.10240185      1          1          2          -0.00000000e+00  -1.04308899e-02  0.00000000e+00   0.00000000e+00   1.04308899e-02   0.00000000e+00   0.00000000e+00   1.20372482e-18  
 1          70         11.10240185      1          1          3          -0.00000000e+00  5.21544496e-03   0.00000000e+00   0.00000000e+00   0.00000000e+00   0.00000000e+00   -5.21544496e-03  0.00000000e+00  
 1          71         11.65752194      1          1          1          -0.00000000e+00  4.91359305e-03   0.00000000e+00   0.00000000e+00   0.00000000e+00   0.00000000e+00   -4.91359305e-03  0.00000000e+00  
 1          71         11.65752194      1          1          2          -0.00000000e+00  -9.82718610e-03  0.00000000e+00   0.00000000e+00   9.82718610e-03   0.00000000e+00   0.00000000e+00   0.00000000e+00  
 1          71         11.65752194      1          1          3          -0.00000000e+00  4.91359305e-03   0.00000000e+00   0.00000000e+00   0.00000000e+00   0.00000000e+00   -4.91359305e-03  0.00000000e+00  
 1          72         12.24039804      1          1          1          -0.00000000e+00  4.60541980e-03   0.00000000e+00   0.00000000e+00   0.00000000e+00   0.00000000e+00   -4.60541980e-03  0.00000000e+00  
 1          72         12.24039804      1          1          2          -0.00000000e+00  -9.21083961e-03  0.00000000e+00   0.00000000e+00   9.21083961e-03   0.00000000e+00   0.00000000e+00   0.00000000e+00  
 1          72         12.24039804      1          1          3          -0.00000000e+00  4.60541980e-03   0.00000000e+00   0.00000000e+00   0.00000000e+00   0.00000000e+00   -4.60541980e-03  0.00000000e+00  
 1          73         12.85241794      1          1          1          -0.00000000e+00  4.29340795e-03   0.00000000e+00   0.00000000e+00   0.00000000e+00   0.00000000e+00   -4.29340795e-03  0.00000000e+00  
 1          73         12.85241794      1          1          2          -0.00000000e+00  -8.58681591e-03  0.00000000e+00   0.00000000e+00   8.58681591e-03   0.00000000e+00   0.00000000e+00   1.39346195e-18  
 1          73         12.85241794      1          1          3          -0.00000000e+00  4.29340795e-03   0.00000000e+00   0.00000000e+00   0.00000000e+00   0.00000000e+00   -4.29340795e-03  0.00000000e+00  
 1          74         13.49503884      1          1          1          -0.00000000e+00  3.98010823e-03   0.00000000e+00   0.00000000e+00   0.00000000e+00   0.00000000e+00   -3.98010823e-03  0.00000000e+00  
 1          74         13.49503884      1          1          2          -0.00000000e+00  -7.96021645e-03  0.00000000e+00   0.00000000e+00   7.96021645e-03   0.00000000e+00   0.00000000e+00   0.00000000e+00  
 1          74         13.49503884      1          1          3          -0.00000000e+00  3.98010823e-03   0.00000000e+00   0.00000000e+00   0.00000000e+00   0.00000000e+00   -3.98010823e-03  0.00000000e+00  
 1          75         14.16979078      1          1          1          -0.00000000e+00  3.66809369e-03   0.00000000e+00   0.00000000e+00   0.00000000e+00   0.00000000e+00   -3.66809369e-03  0.00000000e+00  
 1          75         14.16979078      1          1          2          -0.00000000e+00  -7.33618738e-03  0.00000000e+00   0.00000000e+00   7.33618738e-03   0.00000000e+00   0.00000000e+00   1.53629179e-18  
 1          75         14.16979078      1          1          3          -0.00000000e+00  3.66809369e-03   0.00000000e+00   0.00000000e+00   0.00000000e+00   0.00000000e+00   -3.66809369e-03  0.00000000e+00  
 1          76         14.87828032      1          1          1          -0.00000000e+00  3.35991131e-03   0.00000000e+00   0.00000000e+00   0.00000000e+00   0.00000000e+00   -3.35991131e-03  0.00000000e+00  
 1          76         14.87828032      1          1          2          -0.00000000e+00  -6.71982263e-03  0.00000000e+00   0.00000000e+00   6.71982263e-03   0.00000000e+00   0.00000000e+00   -8.06553192e-19 
 1          76         14.87828032      1          1          3          -0.00000000e+00  3.35991131e-03   0.00000000e+00   0.00000000e+00   0.00000000e+00   0.00000000e+00   -3.35991131e-03  0.00000000e+00  
 1          77         15.62219433      1          1          1          -0.00000000e+00  3.05803201e-03   0.00000000e+00   0.00000000e+00   0.00000000e+00   0.00000000e+00   -3.05803201e-03  0.00000000e+00  
 1          77         15.62219433      1          1          2          -0.00000000e+00  -6.11606402e-03  0.00000000e+00   0.00000000e+00   6.11606402e-03   0.00000000e+00   0.00000000e+00   -8.46880852e-19 
 1          77         15.62219433      1          1          3          -0.00000000e+00  3.05803201e-03   0.00000000e+00   0.00000000e+00   0.00000000e+00   0.00000000e+00   -3.05803201e-03  0.00000000e+00  
 1          78         16.40330405      1          1          1          -0.00000000e+00  2.76480081e-03   0.00000000e+00   0.00000000e+00   0.00000000e+00   0.00000000e+00   -2.76480081e-03  0.00000000e+00  
 1          78         16.40330405      1          1          2          -0.00000000e+00  -5.52960161e-03  0.00000000e+00   0.00000000e+00   5.52960161e-03   0.00000000e+00   0.00000000e+00   8.89224894e-19  
 1          78         16.40330405      1          1          3          -0.00000000e+00  2.76480081e-03   0.00000000e+00   0.00000000e+00   0.00000000e+00   0.00000000e+00   -2.76480081e-03  0.00000000e+00  
 1          79         17.22346925      1          1          1          -0.00000000e+00  2.48238876e-03   0.00000000e+00   0.00000000e+00   0.00000000e+00   0.00000000e+00   -2.48238876e-03  0.00000000e+00  
 1          79         17.22346925      1          1          2          -0.00000000e+00  -4.96477753e-03  0.00000000e+00   0.00000000e+00   4.96477753e-03   0.00000000e+00   0.00000000e+00   9.33686139e-19  
 1          79         17.22346925      1          1          3          -0.00000000e+00  2.48238876e-03   0.00000000e+00   0.00000000e+00   0.00000000e+00   0.00000000e+00   -2.48238876e-03  0.00000000e+00  
 1          80         18.08464272      1          1          1          -0.00000000e+00  2.21274842e-03   0.00000000e+00   0.00000000e+00   0.00000000e+00   0.00000000e+00   -2.21274842e-03  0.00000000e+00  
 1          80         18.08464272      1          1          2          -0.00000000e+00  -4.42549684e-03  0.00000000e+00   0.00000000e+00   4.42549684e-03   0.00000000e+00   0.00000000e+00   0.00000000e+00  
 1          80         18.08464272      1          1          3          -0.00000000e+00  2.21274842e-03   0.00000000e+00   0.00000000e+00   0.00000000e+00   0.00000000e+00   -2.21274842e-03  0.00000000e+00  
 1          81         18.98887485      1          1          1          -0.00000000e+00  1.95757449e-03   0.00000000e+00   0.00000000e+00   0.00000000e+00   0.00000000e+00   -1.95757449e-03  0.00000000e+00  
 1          81         18.98887485      1          1          2          -0.00000000e+00  -3.91514897e-03  0.00000000e+00   0.00000000e+00   3.91514897e-03   0.00000000e+00   0.00000000e+00   0.00000000e+00  
 1          81         18.98887485      1          1          3          -0.00000000e+00  1.95757449e-03   0.00000000e+00   0.00000000e+00   0.00000000e+00   0.00000000e+00   -1.95757449e-03  0.00000000e+00  
 1          82         19.93831860      1          1          1          -0.00000000e+00  1.71827142e-03   0.00000000e+00   0.00000000e+00   0.00000000e+00   0.00000000e+00   -1.71827142e-03  0.00000000e+00  
 1          82         19.93831860      1          1          2          -0.00000000e+00  -3.43654284e-03  0.00000000e+00   0.00000000e+00   3.43654284e-03   0.00000000e+00   0.00000000e+00   5.40429208e-19  
 1          82         19.93831860      1          1          3          -0.00000000e+00  1.71827142e-03   0.00000000e+00   0.00000000e+00   0.00000000e+00   0.00000000e+00   -1.71827142e-03  0.00000000e+00  
 1          83         20.93523452      1          1          1          -0.00000000e+00  1.49592925e-03   0.00000000e+00   0.00000000e+00   0.00000000e+00   0.00000000e+00   -1.49592925e-03  0.00000000e+00  
 1          83         20.93523452      1          1          2          -0.00000000e+00  -2.99185850e-03  0.00000000e+00   0.00000000e+00   2.99185850e-03   0.00000000e+00   0.00000000e+00   0.00000000e+00  
 1          83         20.93523452      1          1          3          -0.00000000e+00  1.49592925e-03   0.00000000e+00   0.00000000e+00   0.00000000e+00   0.00000000e+00   -1.49592925e-03  0.00000000e+00  
 1          84         21.98199625      1          1          1          -0.00000000e+00  1.29130875e-03   0.00000000e+00   0.00000000e+00   0.00000000e+00   0.00000000e+00   -1.29130875e-03  0.00000000e+00  
 1          84         21.98199625      1          1          2          -0.00000000e+00  -2.58261750e-03  0.00000000e+00   0.00000000e+00   2.58261750e-03   0.00000000e+00   0.00000000e+00   0.00000000e+00  
 1          84         21.98199625      1          1          3          -0.00000000e+00  1.29130875e-03   0.00000000e+00   0.00000000e+00   0.00000000e+00   0.00000000e+00   -1.29130875e-03  0.00000000e+00  
 1          85         23.08109606      1          1          1          -0.00000000e+00  1.10483672e-03   0.00000000e+00   0.00000000e+00   0.00000000e+00   0.00000000e+00   -1.10483672e-03  0.00000000e+00  
 1          85         23.08109606      1          1          2          -0.00000000e+00  -2.20967344e-03  0.00000000e+00   0.00000000e+00   2.20967344e-03   0.00000000e+00   0.00000000e+00   0.00000000e+00  
 1          85         23.08109606      1          1          3          -0.00000000e+00  1.10483672e-03   0.00000000e+00   0.00000000e+00   0.00000000e+00   0.00000000e+00   -1.10483672e-03  0.00000000e+00  
 1          86         24.23515087      1          1          1          -0.00000000e+00  9.36611544e-04   0.00000000e+00   0.00000000e+00   0.00000000e+00   0.00000000e+00   -9.36611544e-04  0.00000000e+00  
 1          86         24.23515087      1          1          2          -0.00000000e+00  -1.87322309e-03  0.00000000e+00   0.00000000e+00   1.87322309e-03   0.00000000e+00   0.00000000e+00   0.00000000e+00  
 1          86         24.23515087      1          1          3          -0.00000000e+00  9.36611544e-04   0.00000000e+00   0.00000000e+00   0.00000000e+00   0.00000000e+00   -9.36611544e-04  0.00000000e+00  
 1          87         25.44690841      1          1          1          -0.00000000e+00  7.86418880e-04   0.00000000e+00   0.00000000e+00   0.00000000e+00   0.00000000e+00   -7.86418880e-04  0.00000000e+00  
 1          87         25.44690841      1          1          2          -0.00000000e+00  -1.57283776e-03  0.00000000e+00   0.00000000e+00   1.57283776e-03   0.00000000e+00   0.00000000e+00   0.00000000e+00  
 1          87         25.44690841      1          1          3          -0.00000000e+00  7.86418880e-04   0.00000000e+00   0.00000000e+00   0.00000000e+00   0.00000000e+00   -7.86418880e-04  0.00000000e+00  
 1          88         26.71925383      1          1          1          -0.00000000e+00  6.53756684e-04   0.00000000e+00   0.00000000e+00   0.00000000e+00   0.00000000e+00   -6.53756684e-04  0.00000000e+00  
 1          88         26.71925383      1          1          2          -0.00000000e+00  -1.30751337e-03  0.00000000e+00   0.00000000e+00   1.30751337e-03   0.00000000e+00   0.00000000e+00   0.00000000e+00  
 1          88         26.71925383      1          1          3          -0.00000000e+00  6.53756684e-04   0.00000000e+00   0.00000000e+00   0.00000000e+00   0.00000000e+00   -6.53756684e-04  0.00000000e+00  
 1          89         28.05521652      1          1          1          -0.00000000e+00  5.37868405e-04   0.00000000e+00   0.00000000e+00   0.00000000e+00   0.00000000e+00   -5.37868405e-04  0.00000000e+00  
 1          89         28.05521652      1          1          2          -0.00000000e+00  -1.07573681e-03  0.00000000e+00   0.00000000e+00   1.07573681e-03   0.00000000e+00   0.00000000e+00   1.90109542e-19  
 1          89         28.05521652      1          1          3          -0.00000000e+00  5.37868405e-04   0.00000000e+00   0.00000000e+00   0.00000000e+00   0.00000000e+00   -5.37868405e-04  0.00000000e+00  
 1          90         29.45797735      1          1          1          -0.00000000e+00  4.37782728e-04   0.00000000e+00   0.00000000e+00   0.00000000e+00   0.00000000e+00   -4.37782728e-04  0.00000000e+00  
 1          90         29.45797735      1          1          2          -0.00000000e+00  -8.75565456e-04  0.00000000e+00   0.00000000e+00   8.75565456e-04   0.00000000e+00   0.00000000e+00   9.98075095e-20  
 1          90         29.45797735      1          1          3          -0.00000000e+00  4.37782728e-04   0.00000000e+00   0.00000000e+00   0.00000000e+00   0.00000000e+00   -4.37782728e-04  0.00000000e+00  
 1          91         30.93087622      1          1          1          -0.00000000e+00  3.52357932e-04   0.00000000e+00   0.00000000e+00   0.00000000e+00   0.00000000e+00   -3.52357932e-04  0.00000000e+00  
 1          91         30.93087622      1          1          2          -0.00000000e+00  -7.04715864e-04  0.00000000e+00   0.00000000e+00   7.04715864e-04   0.00000000e+00   0.00000000e+00   0.00000000e+00  
 1          91         30.93087622      1          1          3          -0.00000000e+00  3.52357932e-04   0.00000000e+00   0.00000000e+00   0.00000000e+00   0.00000000e+00   -3.52357932e-04  0.00000000e+00  
 1          92         32.47742003      1          1          1          -0.00000000e+00  2.80328727e-04   0.00000000e+00   0.00000000e+00   0.00000000e+00   0.00000000e+00   -2.80328727e-04  0.00000000e+00  
 1          92         32.47742003      1          1          2          -0.00000000e+00  -5.60657454e-04  0.00000000e+00   0.00000000e+00   5.60657454e-04   0.00000000e+00   0.00000000e+00   0.00000000e+00  
 1          92         32.47742003      1          1          3          -0.00000000e+00  2.80328727e-04   0.00000000e+00   0.00000000e+00   0.00000000e+00   0.00000000e+00   -2.80328727e-04  0.00000000e+00  
 1          93         34.10129103      1          1          1          -0.00000000e+00  2.20353392e-04   0.00000000e+00   0.00000000e+00   0.00000000e+00   0.00000000e+00   -2.20353392e-04  0.00000000e+00  
 1          93         34.10129103      1          1          2          -0.00000000e+00  -4.40706784e-04  0.00000000e+00   0.00000000e+00   4.40706784e-04   0.00000000e+00   0.00000000e+00   0.00000000e+00  
 1          93         34.10129103      1          1          3          -0.00000000e+00  2.20353392e-04   0.00000000e+00   0.00000000e+00   0.00000000e+00   0.00000000e+00   -2.20353392e-04  0.00000000e+00  
 1          94         35.80635558      1          1          1          -0.00000000e+00  1.71059082e-04   0.00000000e+00   0.00000000e+00   0.00000000e+00   0.00000000e+00   -1.71059082e-04  0.00000000e+00  
 1          94         35.80635558      1          1          2          -0.00000000e+00  -3.42118164e-04  0.00000000e+00   0.00000000e+00   3.42118164e-04   0.00000000e+00   0.00000000e+00   0.00000000e+00  
 1          94         35.80635558      1          1          3          -0.00000000e+00  1.71059082e-04   0.00000000e+00   0.00000000e+00   0.00000000e+00   0.00000000e+00   -1.71059082e-04  0.00000000e+00  
 1          95         37.59667336      1          1          1          -0.00000000e+00  1.31083418e-04   0.00000000e+00   0.00000000e+00   0.00000000e+00   0.00000000e+00   -1.31083418e-04  0.00000000e+00  
 1          95         37.59667336      1          1          2          -0.00000000e+00  -2.62166836e-04  0.00000000e+00   0.00000000e+00   2.62166836e-04   0.00000000e+00   0.00000000e+00   0.00000000e+00  
 1          95         37.59667336      1          1          3          -0.00000000e+00  1.31083418e-04   0.00000000e+00   0.00000000e+00   0.00000000e+00   0.00000000e+00   -1.31083418e-04  0.00000000e+00  
 1          96         39.47650703      1          1          1          -0.00000000e+00  9.91107851e-05   0.00000000e+00   0.00000000e+00   0.00000000e+00   0.00000000e+00   -9.91107851e-05  0.00000000e+00  
 1          96         39.47650703      1          1          2          -0.00000000e+00  -1.98221570e-04  0.00000000e+00   0.00000000e+00   1.98221570e-04   0.00000000e+00   0.00000000e+00   3.34379021e-20  
 1          96         39.47650703      1          1          3          -0.00000000e+00  9.91107851e-05   0.00000000e+00   0.00000000e+00   0.00000000e+00   0.00000000e+00   -9.91107851e-05  0.00000000e+00  
 1          97         41.45033238      1          1          1          -0.00000000e+00  7.39022027e-05   0.00000000e+00   0.00000000e+00   0.00000000e+00   0.00000000e+00   -7.39022027e-05  0.00000000e+00  
 1          97         41.45033238      1          1          2          -0.00000000e+00  -1.47804405e-04  0.00000000e+00   0.00000000e+00   1.47804405e-04   0.00000000e+00   0.00000000e+00   1.75548986e-20  
 1          97         41.45033238      1          1          3          -0.00000000e+00  7.39022027e-05   0.00000000e+00   0.00000000e+00   0.00000000e+00   0.00000000e+00   -7.39022027e-05  0.00000000e+00  
 1          98         43.52284900      1          1          1          -0.00000000e+00  5.43180885e-05   0.00000000e+00   0.00000000e+00   0.00000000e+00   0.00000000e+00   -5.43180885e-05  0.00000000e+00  
 1          98         43.52284900      1          1          2          -0.00000000e+00  -1.08636177e-04  0.00000000e+00   0.00000000e+00   1.08636177e-04   0.00000000e+00   0.00000000e+00   0.00000000e+00  
 1          98         43.52284900      1          1          3          -0.00000000e+00  5.43180885e-05   0.00000000e+00   0.00000000e+00   0.00000000e+00   0.00000000e+00   -5.43180885e-05  0.00000000e+00  
 1          99         45.69899145      1          1          1          -0.00000000e+00  3.93337363e-05   0.00000000e+00   0.00000000e+00   0.00000000e+00   0.00000000e+00   -3.93337363e-05  0.00000000e+00  
 1          99         45.69899145      1          1          2          -0.00000000e+00  -7.86674725e-05  0.00000000e+00   0.00000000e+00   7.86674725e-05   0.00000000e+00   0.00000000e+00   0.00000000e+00  
 1          99         45.69899145      1          1          3          -0.00000000e+00  3.93337363e-05   0.00000000e+00   0.00000000e+00   0.00000000e+00   0.00000000e+00   -3.93337363e-05  0.00000000e+00  
 1          100        47.98394102      1          1          1          -0.00000000e+00  2.80477719e-05   0.00000000e+00   0.00000000e+00   0.00000000e+00   0.00000000e+00   -2.80477719e-05  0.00000000e+00  
 1          100        47.98394102      1          1          2          -0.00000000e+00  -5.60955437e-05  0.00000000e+00   0.00000000e+00   5.60955437e-05   0.00000000e+00   0.00000000e+00   1.01609947e-20  
 1          100        47.98394102      1          1          3          -0.00000000e+00  2.80477719e-05   0.00000000e+00   0.00000000e+00   0.00000000e+00   0.00000000e+00   -2.80477719e-05  0.00000000e+00  
