 IPER  ISTEP           DLEN           ILYR    IROW   ICOL                     STA                     FBC                     CST                     IBE                     IBV                     WST                     CNH                     ABER
 1          1          0.38313807       1          1          1          -0.00000000e+00  1.02518801e-01   0.00000000e+00   0.00000000e+00   0.00000000e+00   0.00000000e+00   -1.02518801e-01  0.00000000e+00  
 1          1          0.38313807       1          1          2          -0.00000000e+00  -2.05037602e-01  0.00000000e+00   5.71583890e-02   1.47879213e-01   0.00000000e+00   0.00000000e+00   0.00000000e+00  
 1          1          0.38313807       1          1          3          -0.00000000e+00  1.02518801e-01   0.00000000e+00   0.00000000e+00   0.00000000e+00   0.00000000e+00   -1.02518801e-01  0.00000000e+00  
 1          2          0.40229497       1          1          1          -0.00000000e+00  5.55056863e-02   0.00000000e+00   0.00000000e+00   0.00000000e+00   0.00000000e+00   -5.55056863e-02  0.00000000e+00  
 1          2          0.40229497       1          1          2          -0.00000000e+00  -1.11011373e-01  0.00000000e+00   2.14109135e-02   8.96004591e-02   0.00000000e+00   0.00000000e+00   0.00000000e+00  
 1          2          0.40229497       1          1          3          -0.00000000e+00  5.55056863e-02   0.00000000e+00   0.00000000e+00   0.00000000e+00   0.00000000e+00   -5.55056863e-02  0.00000000e+00  
 1          3          0.42240972       1          1          1          -0.00000000e+00  4.34520770e-02   0.00000000e+00   0.00000000e+00   0.00000000e+00   0.00000000e+00   -4.34520770e-02  0.00000000e+00  
 1          3          0.42240972       1          1          2          -0.00000000e+00  -8.69041541e-02  0.00000000e+00   1.02313741e-02   7.66727800e-02   0.00000000e+00   0.00000000e+00   0.00000000e+00  
 1          3          0.42240972       1          1          3          -0.00000000e+00  4.34520770e-02   0.00000000e+00   0.00000000e+00   0.00000000e+00   0.00000000e+00   -4.34520770e-02  0.00000000e+00  
 1          4          0.44353021       1          1          1          -0.00000000e+00  3.73858786e-02   0.00000000e+00   0.00000000e+00   0.00000000e+00   0.00000000e+00   -3.73858786e-02  0.00000000e+00  
 1          4          0.44353021       1          1          2          -0.00000000e+00  -7.47717572e-02  0.00000000e+00   4.72468027e-03   7.00470770e-02   0.00000000e+00   0.00000000e+00   0.00000000e+00  
 1          4          0.44353021       1          1          3          -0.00000000e+00  3.73858786e-02   0.00000000e+00   0.00000000e+00   0.00000000e+00   0.00000000e+00   -3.73858786e-02  0.00000000e+00  
 1          5          0.46570672       1          1          1          -0.00000000e+00  3.36794253e-02   0.00000000e+00   0.00000000e+00   0.00000000e+00   0.00000000e+00   -3.36794253e-02  0.00000000e+00  
 1          5          0.46570672       1          1          2          -0.00000000e+00  -6.73588505e-02  0.00000000e+00   2.03899315e-03   6.53198574e-02   0.00000000e+00   0.00000000e+00   0.00000000e+00  
 1          5          0.46570672       1          1          3          -0.00000000e+00  3.36794253e-02   0.00000000e+00   0.00000000e+00   0.00000000e+00   0.00000000e+00   -3.36794253e-02  0.00000000e+00  
 1          6          0.48899205       1          1          1          -0.00000000e+00  3.11978560e-02   0.00000000e+00   0.00000000e+00   0.00000000e+00   0.00000000e+00   -3.11978560e-02  0.00000000e+00  
 1          6          0.48899205       1          1          2          -0.00000000e+00  -6.23957121e-02  0.00000000e+00   8.10382942e-04   6.15853291e-02   0.00000000e+00   0.00000000e+00   0.00000000e+00  
 1          6          0.48899205       1          1          3          -0.00000000e+00  3.11978560e-02   0.00000000e+00   0.00000000e+00   0.00000000e+00   0.00000000e+00   -3.11978560e-02  0.00000000e+00  
 1          7          0.51344166       1          1          1          -0.00000000e+00  2.94468645e-02   0.00000000e+00   0.00000000e+00   0.00000000e+00   0.00000000e+00   -2.94468645e-02  0.00000000e+00  
 1          7          0.51344166       1          1          2          -0.00000000e+00  -5.88937290e-02  0.00000000e+00   2.92233387e-04   5.86014957e-02   0.00000000e+00   0.00000000e+00   0.00000000e+00  
 1          7          0.51344166       1          1          3          -0.00000000e+00  2.94468645e-02   0.00000000e+00   0.00000000e+00   0.00000000e+00   0.00000000e+00   -2.94468645e-02  0.00000000e+00  
 1          8          0.53911374       1          1          1          -0.00000000e+00  2.81720565e-02   0.00000000e+00   0.00000000e+00   0.00000000e+00   0.00000000e+00   -2.81720565e-02  0.00000000e+00  
 1          8          0.53911374       1          1          2          -0.00000000e+00  -5.63441131e-02  0.00000000e+00   9.38268381e-05   5.62502862e-02   0.00000000e+00   0.00000000e+00   0.00000000e+00  
 1          8          0.53911374       1          1          3          -0.00000000e+00  2.81720565e-02   0.00000000e+00   0.00000000e+00   0.00000000e+00   0.00000000e+00   -2.81720565e-02  0.00000000e+00  
 1          9          0.56606943       1          1          1          -0.00000000e+00  2.72278308e-02   0.00000000e+00   0.00000000e+00   0.00000000e+00   0.00000000e+00   -2.72278308e-02  0.00000000e+00  
 1          9          0.56606943       1          1          2          -0.00000000e+00  -5.44556617e-02  0.00000000e+00   2.61557242e-05   5.44295060e-02   0.00000000e+00   0.00000000e+00   0.00000000e+00  
 1          9          0.56606943       1          1          3          -0.00000000e+00  2.72278308e-02   0.00000000e+00   0.00000000e+00   0.00000000e+00   0.00000000e+00   -2.72278308e-02  0.00000000e+00  
 1          10         0.59437290       1          1          1          -0.00000000e+00  2.65243362e-02   0.00000000e+00   0.00000000e+00   0.00000000e+00   0.00000000e+00   -2.65243362e-02  0.00000000e+00  
 1          10         0.59437290       1          1          2          -0.00000000e+00  -5.30486723e-02  0.00000000e+00   6.11860826e-06   5.30425537e-02   0.00000000e+00   0.00000000e+00   0.00000000e+00  
 1          10         0.59437290       1          1          3          -0.00000000e+00  2.65243362e-02   0.00000000e+00   0.00000000e+00   0.00000000e+00   0.00000000e+00   -2.65243362e-02  0.00000000e+00  
 1          11         0.62409154       1          1          1          -0.00000000e+00  2.60029098e-02   0.00000000e+00   0.00000000e+00   0.00000000e+00   0.00000000e+00   -2.60029098e-02  0.00000000e+00  
 1          11         0.62409154       1          1          2          -0.00000000e+00  -5.20058197e-02  0.00000000e+00   1.14405989e-06   5.20046756e-02   0.00000000e+00   0.00000000e+00   -8.66101000e-18 
 1          11         0.62409154       1          1          3          -0.00000000e+00  2.60029098e-02   0.00000000e+00   0.00000000e+00   0.00000000e+00   0.00000000e+00   -2.60029098e-02  0.00000000e+00  
 1          12         0.65529612       1          1          1          -0.00000000e+00  2.56235382e-02   0.00000000e+00   0.00000000e+00   0.00000000e+00   0.00000000e+00   -2.56235382e-02  0.00000000e+00  
 1          12         0.65529612       1          1          2          -0.00000000e+00  -5.12470763e-02  0.00000000e+00   1.58862630e-07   5.12469175e-02   0.00000000e+00   0.00000000e+00   0.00000000e+00  
 1          12         0.65529612       1          1          3          -0.00000000e+00  2.56235382e-02   0.00000000e+00   0.00000000e+00   0.00000000e+00   0.00000000e+00   -2.56235382e-02  0.00000000e+00  
 1          13         0.68806093       1          1          1          -0.00000000e+00  2.53579575e-02   0.00000000e+00   0.00000000e+00   0.00000000e+00   0.00000000e+00   -2.53579575e-02  0.00000000e+00  
 1          13         0.68806093       1          1          2          -0.00000000e+00  -5.07159150e-02  0.00000000e+00   1.44961362e-08   5.07159005e-02   0.00000000e+00   0.00000000e+00   0.00000000e+00  
 1          13         0.68806093       1          1          3          -0.00000000e+00  2.53579575e-02   0.00000000e+00   0.00000000e+00   0.00000000e+00   0.00000000e+00   -2.53579575e-02  0.00000000e+00  
 1          14         0.72246397       1          1          1          -0.00000000e+00  2.51856269e-02   0.00000000e+00   0.00000000e+00   0.00000000e+00   0.00000000e+00   -2.51856269e-02  0.00000000e+00  
 1          14         0.72246397       1          1          2          -0.00000000e+00  -5.03712538e-02  0.00000000e+00   6.84669706e-10   5.03712532e-02   0.00000000e+00   0.00000000e+00   0.00000000e+00  
 1          14         0.72246397       1          1          3          -0.00000000e+00  2.51856269e-02   0.00000000e+00   0.00000000e+00   0.00000000e+00   0.00000000e+00   -2.51856269e-02  0.00000000e+00  
 1          15         0.75858717       1          1          1          -0.00000000e+00  2.50912619e-02   0.00000000e+00   0.00000000e+00   0.00000000e+00   0.00000000e+00   -2.50912619e-02  0.00000000e+00  
 1          15         0.75858717       1          1          2          -0.00000000e+00  -5.01825238e-02  0.00000000e+00   8.68457691e-12   5.01825238e-02   0.00000000e+00   0.00000000e+00   0.00000000e+00  
 1          15         0.75858717       1          1          3          -0.00000000e+00  2.50912619e-02   0.00000000e+00   0.00000000e+00   0.00000000e+00   0.00000000e+00   -2.50912619e-02  0.00000000e+00  
 1          16         0.79651653       1          1          1          -0.00000000e+00  2.50632623e-02   0.00000000e+00   0.00000000e+00   0.00000000e+00   0.00000000e+00   -2.50632623e-02  0.00000000e+00  
 1          16         0.79651653       1          1          2          -0.00000000e+00  -5.01265245e-02  0.00000000e+00   0.00000000e+00   5.01265245e-02   0.00000000e+00   0.00000000e+00   0.00000000e+00  
 1          16         0.79651653       1          1          3          -0.00000000e+00  2.50632623e-02   0.00000000e+00   0.00000000e+00   0.00000000e+00   0.00000000e+00   -2.50632623e-02  0.00000000e+00  
 1          17         0.83634236       1          1          1          -0.00000000e+00  2.50926761e-02   0.00000000e+00   0.00000000e+00   0.00000000e+00   0.00000000e+00   -2.50926761e-02  0.00000000e+00  
 1          17         0.83634236       1          1          2          -0.00000000e+00  -5.01853523e-02  0.00000000e+00   0.00000000e+00   5.01853523e-02   0.00000000e+00   0.00000000e+00   5.80329087e-18  
 1          17         0.83634236       1          1          3          -0.00000000e+00  2.50926761e-02   0.00000000e+00   0.00000000e+00   0.00000000e+00   0.00000000e+00   -2.50926761e-02  0.00000000e+00  
 1          18         0.87815947       1          1          1          -0.00000000e+00  2.51724973e-02   0.00000000e+00   0.00000000e+00   0.00000000e+00   0.00000000e+00   -2.51724973e-02  0.00000000e+00  
 1          18         0.87815947       1          1          2          -0.00000000e+00  -5.03449946e-02  0.00000000e+00   0.00000000e+00   5.03449946e-02   0.00000000e+00   0.00000000e+00   6.09345542e-18  
 1          18         0.87815947       1          1          3          -0.00000000e+00  2.51724973e-02   0.00000000e+00   0.00000000e+00   0.00000000e+00   0.00000000e+00   -2.51724973e-02  0.00000000e+00  
 1          19         0.92206745       1          1          1          -0.00000000e+00  2.52971766e-02   0.00000000e+00   0.00000000e+00   0.00000000e+00   0.00000000e+00   -2.52971766e-02  0.00000000e+00  
 1          19         0.92206745       1          1          2          -0.00000000e+00  -5.05943532e-02  0.00000000e+00   0.00000000e+00   5.05943532e-02   0.00000000e+00   0.00000000e+00   0.00000000e+00  
 1          19         0.92206745       1          1          3          -0.00000000e+00  2.52971766e-02   0.00000000e+00   0.00000000e+00   0.00000000e+00   0.00000000e+00   -2.52971766e-02  0.00000000e+00  
 1          20         0.96817082       1          1          1          -0.00000000e+00  2.54622747e-02   0.00000000e+00   0.00000000e+00   0.00000000e+00   0.00000000e+00   -2.54622747e-02  0.00000000e+00  
 1          20         0.96817082       1          1          2          -0.00000000e+00  -5.09245493e-02  0.00000000e+00   0.00000000e+00   5.09245493e-02   0.00000000e+00   0.00000000e+00   0.00000000e+00  
 1          20         0.96817082       1          1          3          -0.00000000e+00  2.54622747e-02   0.00000000e+00   0.00000000e+00   0.00000000e+00   0.00000000e+00   -2.54622747e-02  0.00000000e+00  
 1          21         1.01657936       1          1          1          -0.00000000e+00  2.56642107e-02   0.00000000e+00   0.00000000e+00   0.00000000e+00   0.00000000e+00   -2.56642107e-02  0.00000000e+00  
 1          21         1.01657936       1          1          2          -0.00000000e+00  -5.13284214e-02  0.00000000e+00   0.00000000e+00   5.13284214e-02   0.00000000e+00   0.00000000e+00   -7.05393633e-18 
 1          21         1.01657936       1          1          3          -0.00000000e+00  2.56642107e-02   0.00000000e+00   0.00000000e+00   0.00000000e+00   0.00000000e+00   -2.56642107e-02  0.00000000e+00  
 1          22         1.06740833       1          1          1          -0.00000000e+00  2.59000769e-02   0.00000000e+00   0.00000000e+00   0.00000000e+00   0.00000000e+00   -2.59000769e-02  0.00000000e+00  
 1          22         1.06740833       1          1          2          -0.00000000e+00  -5.18001538e-02  0.00000000e+00   0.00000000e+00   5.18001538e-02   0.00000000e+00   0.00000000e+00   0.00000000e+00  
 1          22         1.06740833       1          1          3          -0.00000000e+00  2.59000769e-02   0.00000000e+00   0.00000000e+00   0.00000000e+00   0.00000000e+00   -2.59000769e-02  0.00000000e+00  
 1          23         1.12077875       1          1          1          -0.00000000e+00  2.61675000e-02   0.00000000e+00   0.00000000e+00   0.00000000e+00   0.00000000e+00   -2.61675000e-02  0.00000000e+00  
 1          23         1.12077875       1          1          2          -0.00000000e+00  -5.23350001e-02  0.00000000e+00   0.00000000e+00   5.23350001e-02   0.00000000e+00   0.00000000e+00   0.00000000e+00  
 1          23         1.12077875       1          1          3          -0.00000000e+00  2.61675000e-02   0.00000000e+00   0.00000000e+00   0.00000000e+00   0.00000000e+00   -2.61675000e-02  0.00000000e+00  
 1          24         1.17681768       1          1          1          -0.00000000e+00  2.64645362e-02   0.00000000e+00   0.00000000e+00   0.00000000e+00   0.00000000e+00   -2.64645362e-02  0.00000000e+00  
 1          24         1.17681768       1          1          2          -0.00000000e+00  -5.29290725e-02  0.00000000e+00   0.00000000e+00   5.29290725e-02   0.00000000e+00   0.00000000e+00   0.00000000e+00  
 1          24         1.17681768       1          1          3          -0.00000000e+00  2.64645362e-02   0.00000000e+00   0.00000000e+00   0.00000000e+00   0.00000000e+00   -2.64645362e-02  0.00000000e+00  
 1          25         1.23565857       1          1          1          -0.00000000e+00  2.67895902e-02   0.00000000e+00   0.00000000e+00   0.00000000e+00   0.00000000e+00   -2.67895902e-02  0.00000000e+00  
 1          25         1.23565857       1          1          2          -0.00000000e+00  -5.35791804e-02  0.00000000e+00   0.00000000e+00   5.35791804e-02   0.00000000e+00   0.00000000e+00   0.00000000e+00  
 1          25         1.23565857       1          1          3          -0.00000000e+00  2.67895902e-02   0.00000000e+00   0.00000000e+00   0.00000000e+00   0.00000000e+00   -2.67895902e-02  0.00000000e+00  
 1          26         1.29744149       1          1          1          -0.00000000e+00  2.71413524e-02   0.00000000e+00   0.00000000e+00   0.00000000e+00   0.00000000e+00   -2.71413524e-02  0.00000000e+00  
 1          26         1.29744149       1          1          2          -0.00000000e+00  -5.42827048e-02  0.00000000e+00   0.00000000e+00   5.42827048e-02   0.00000000e+00   0.00000000e+00   0.00000000e+00  
 1          26         1.29744149       1          1          3          -0.00000000e+00  2.71413524e-02   0.00000000e+00   0.00000000e+00   0.00000000e+00   0.00000000e+00   -2.71413524e-02  0.00000000e+00  
 1          27         1.36231357       1          1          1          -0.00000000e+00  2.75187500e-02   0.00000000e+00   0.00000000e+00   0.00000000e+00   0.00000000e+00   -2.75187500e-02  0.00000000e+00  
 1          27         1.36231357       1          1          2          -0.00000000e+00  -5.50375000e-02  0.00000000e+00   0.00000000e+00   5.50375000e-02   0.00000000e+00   0.00000000e+00   0.00000000e+00  
 1          27         1.36231357       1          1          3          -0.00000000e+00  2.75187500e-02   0.00000000e+00   0.00000000e+00   0.00000000e+00   0.00000000e+00   -2.75187500e-02  0.00000000e+00  
 1          28         1.43042925       1          1          1          -0.00000000e+00  2.79209078e-02   0.00000000e+00   0.00000000e+00   0.00000000e+00   0.00000000e+00   -2.79209078e-02  0.00000000e+00  
 1          28         1.43042925       1          1          2          -0.00000000e+00  -5.58418155e-02  0.00000000e+00   0.00000000e+00   5.58418155e-02   0.00000000e+00   0.00000000e+00   0.00000000e+00  
 1          28         1.43042925       1          1          3          -0.00000000e+00  2.79209078e-02   0.00000000e+00   0.00000000e+00   0.00000000e+00   0.00000000e+00   -2.79209078e-02  0.00000000e+00  
 1          29         1.50195071       1          1          1          -0.00000000e+00  2.83471167e-02   0.00000000e+00   0.00000000e+00   0.00000000e+00   0.00000000e+00   -2.83471167e-02  0.00000000e+00  
 1          29         1.50195071       1          1          2          -0.00000000e+00  -5.66942335e-02  0.00000000e+00   0.00000000e+00   5.66942335e-02   0.00000000e+00   0.00000000e+00   1.04218766e-17  
 1          29         1.50195071       1          1          3          -0.00000000e+00  2.83471167e-02   0.00000000e+00   0.00000000e+00   0.00000000e+00   0.00000000e+00   -2.83471167e-02  0.00000000e+00  
 1          30         1.57704825       1          1          1          -0.00000000e+00  2.87968094e-02   0.00000000e+00   0.00000000e+00   0.00000000e+00   0.00000000e+00   -2.87968094e-02  0.00000000e+00  
 1          30         1.57704825       1          1          2          -0.00000000e+00  -5.75936188e-02  0.00000000e+00   0.00000000e+00   5.75936188e-02   0.00000000e+00   0.00000000e+00   0.00000000e+00  
 1          30         1.57704825       1          1          3          -0.00000000e+00  2.87968094e-02   0.00000000e+00   0.00000000e+00   0.00000000e+00   0.00000000e+00   -2.87968094e-02  0.00000000e+00  
 1          31         1.65590066       1          1          1          -0.00000000e+00  2.92695390e-02   0.00000000e+00   0.00000000e+00   0.00000000e+00   0.00000000e+00   -2.92695390e-02  0.00000000e+00  
 1          31         1.65590066       1          1          2          -0.00000000e+00  -5.85390780e-02  0.00000000e+00   0.00000000e+00   5.85390780e-02   0.00000000e+00   0.00000000e+00   0.00000000e+00  
 1          31         1.65590066       1          1          3          -0.00000000e+00  2.92695390e-02   0.00000000e+00   0.00000000e+00   0.00000000e+00   0.00000000e+00   -2.92695390e-02  0.00000000e+00  
 1          32         1.73869569       1          1          1          -0.00000000e+00  2.97649632e-02   0.00000000e+00   0.00000000e+00   0.00000000e+00   0.00000000e+00   -2.97649632e-02  0.00000000e+00  
 1          32         1.73869569       1          1          2          -0.00000000e+00  -5.95299263e-02  0.00000000e+00   0.00000000e+00   5.95299263e-02   0.00000000e+00   0.00000000e+00   0.00000000e+00  
 1          32         1.73869569       1          1          3          -0.00000000e+00  2.97649632e-02   0.00000000e+00   0.00000000e+00   0.00000000e+00   0.00000000e+00   -2.97649632e-02  0.00000000e+00  
 1          33         1.82563048       1          1          1          -0.00000000e+00  3.02828300e-02   0.00000000e+00   0.00000000e+00   0.00000000e+00   0.00000000e+00   -3.02828300e-02  0.00000000e+00  
 1          33         1.82563048       1          1          2          -0.00000000e+00  -6.05656601e-02  0.00000000e+00   0.00000000e+00   6.05656601e-02   0.00000000e+00   0.00000000e+00   0.00000000e+00  
 1          33         1.82563048       1          1          3          -0.00000000e+00  3.02828300e-02   0.00000000e+00   0.00000000e+00   0.00000000e+00   0.00000000e+00   -3.02828300e-02  0.00000000e+00  
 1          34         1.91691200       1          1          1          -0.00000000e+00  3.08229670e-02   0.00000000e+00   0.00000000e+00   0.00000000e+00   0.00000000e+00   -3.08229670e-02  0.00000000e+00  
 1          34         1.91691200       1          1          2          -0.00000000e+00  -6.16459340e-02  0.00000000e+00   0.00000000e+00   6.16459340e-02   0.00000000e+00   0.00000000e+00   1.33012490e-17  
 1          34         1.91691200       1          1          3          -0.00000000e+00  3.08229670e-02   0.00000000e+00   0.00000000e+00   0.00000000e+00   0.00000000e+00   -3.08229670e-02  0.00000000e+00  
 1          35         2.01275760       1          1          1          -0.00000000e+00  3.13852713e-02   0.00000000e+00   0.00000000e+00   0.00000000e+00   0.00000000e+00   -3.13852713e-02  0.00000000e+00  
 1          35         2.01275760       1          1          2          -0.00000000e+00  -6.27705427e-02  0.00000000e+00   0.00000000e+00   6.27705427e-02   0.00000000e+00   0.00000000e+00   0.00000000e+00  
 1          35         2.01275760       1          1          3          -0.00000000e+00  3.13852713e-02   0.00000000e+00   0.00000000e+00   0.00000000e+00   0.00000000e+00   -3.13852713e-02  0.00000000e+00  
 1          36         2.11339548       1          1          1          -0.00000000e+00  3.19697024e-02   0.00000000e+00   0.00000000e+00   0.00000000e+00   0.00000000e+00   -3.19697024e-02  0.00000000e+00  
 1          36         2.11339548       1          1          2          -0.00000000e+00  -6.39394048e-02  0.00000000e+00   0.00000000e+00   6.39394048e-02   0.00000000e+00   0.00000000e+00   7.33231350e-18  
 1          36         2.11339548       1          1          3          -0.00000000e+00  3.19697024e-02   0.00000000e+00   0.00000000e+00   0.00000000e+00   0.00000000e+00   -3.19697024e-02  0.00000000e+00  
 1          37         2.21906525       1          1          1          -0.00000000e+00  3.25762750e-02   0.00000000e+00   0.00000000e+00   0.00000000e+00   0.00000000e+00   -3.25762750e-02  0.00000000e+00  
 1          37         2.21906525       1          1          2          -0.00000000e+00  -6.51525499e-02  0.00000000e+00   0.00000000e+00   6.51525499e-02   0.00000000e+00   0.00000000e+00   7.69892918e-18  
 1          37         2.21906525       1          1          3          -0.00000000e+00  3.25762750e-02   0.00000000e+00   0.00000000e+00   0.00000000e+00   0.00000000e+00   -3.25762750e-02  0.00000000e+00  
 1          38         2.33001852       1          1          1          -0.00000000e+00  3.32050537e-02   0.00000000e+00   0.00000000e+00   0.00000000e+00   0.00000000e+00   -3.32050537e-02  0.00000000e+00  
 1          38         2.33001852       1          1          2          -0.00000000e+00  -6.64101074e-02  0.00000000e+00   0.00000000e+00   6.64101074e-02   0.00000000e+00   0.00000000e+00   0.00000000e+00  
 1          38         2.33001852       1          1          3          -0.00000000e+00  3.32050537e-02   0.00000000e+00   0.00000000e+00   0.00000000e+00   0.00000000e+00   -3.32050537e-02  0.00000000e+00  
 1          39         2.44651944       1          1          1          -0.00000000e+00  3.38561486e-02   0.00000000e+00   0.00000000e+00   0.00000000e+00   0.00000000e+00   -3.38561486e-02  0.00000000e+00  
 1          39         2.44651944       1          1          2          -0.00000000e+00  -6.77122972e-02  0.00000000e+00   0.00000000e+00   6.77122972e-02   0.00000000e+00   0.00000000e+00   0.00000000e+00  
 1          39         2.44651944       1          1          3          -0.00000000e+00  3.38561486e-02   0.00000000e+00   0.00000000e+00   0.00000000e+00   0.00000000e+00   -3.38561486e-02  0.00000000e+00  
 1          40         2.56884541       1          1          1          -0.00000000e+00  3.45297109e-02   0.00000000e+00   0.00000000e+00   0.00000000e+00   0.00000000e+00   -3.45297109e-02  0.00000000e+00  
 1          40         2.56884541       1          1          2          -0.00000000e+00  -6.90594217e-02  0.00000000e+00   0.00000000e+00   6.90594217e-02   0.00000000e+00   0.00000000e+00   0.00000000e+00  
 1          40         2.56884541       1          1          3          -0.00000000e+00  3.45297109e-02   0.00000000e+00   0.00000000e+00   0.00000000e+00   0.00000000e+00   -3.45297109e-02  0.00000000e+00  
 1          41         2.69728768       1          1          1          -0.00000000e+00  3.52259295e-02   0.00000000e+00   0.00000000e+00   0.00000000e+00   0.00000000e+00   -3.52259295e-02  0.00000000e+00  
 1          41         2.69728768       1          1          2          -0.00000000e+00  -7.04518590e-02  0.00000000e+00   0.00000000e+00   7.04518590e-02   0.00000000e+00   0.00000000e+00   -9.35809654e-18 
 1          41         2.69728768       1          1          3          -0.00000000e+00  3.52259295e-02   0.00000000e+00   0.00000000e+00   0.00000000e+00   0.00000000e+00   -3.52259295e-02  0.00000000e+00  
 1          42         2.83215207       1          1          1          -0.00000000e+00  3.59450284e-02   0.00000000e+00   0.00000000e+00   0.00000000e+00   0.00000000e+00   -3.59450284e-02  0.00000000e+00  
 1          42         2.83215207       1          1          2          -0.00000000e+00  -7.18900568e-02  0.00000000e+00   0.00000000e+00   7.18900568e-02   0.00000000e+00   0.00000000e+00   0.00000000e+00  
 1          42         2.83215207       1          1          3          -0.00000000e+00  3.59450284e-02   0.00000000e+00   0.00000000e+00   0.00000000e+00   0.00000000e+00   -3.59450284e-02  0.00000000e+00  
 1          43         2.97375967       1          1          1          -0.00000000e+00  3.66872634e-02   0.00000000e+00   0.00000000e+00   0.00000000e+00   0.00000000e+00   -3.66872634e-02  0.00000000e+00  
 1          43         2.97375967       1          1          2          -0.00000000e+00  -7.33745268e-02  0.00000000e+00   0.00000000e+00   7.33745268e-02   0.00000000e+00   0.00000000e+00   0.00000000e+00  
 1          43         2.97375967       1          1          3          -0.00000000e+00  3.66872634e-02   0.00000000e+00   0.00000000e+00   0.00000000e+00   0.00000000e+00   -3.66872634e-02  0.00000000e+00  
 1          44         3.12244766       1          1          1          -0.00000000e+00  3.74529200e-02   0.00000000e+00   0.00000000e+00   0.00000000e+00   0.00000000e+00   -3.74529200e-02  0.00000000e+00  
 1          44         3.12244766       1          1          2          -0.00000000e+00  -7.49058401e-02  0.00000000e+00   0.00000000e+00   7.49058401e-02   0.00000000e+00   0.00000000e+00   1.08331665e-17  
 1          44         3.12244766       1          1          3          -0.00000000e+00  3.74529200e-02   0.00000000e+00   0.00000000e+00   0.00000000e+00   0.00000000e+00   -3.74529200e-02  0.00000000e+00  
 1          45         3.27857004       1          1          1          -0.00000000e+00  3.82423104e-02   0.00000000e+00   0.00000000e+00   0.00000000e+00   0.00000000e+00   -3.82423104e-02  0.00000000e+00  
 1          45         3.27857004       1          1          2          -0.00000000e+00  -7.64846208e-02  0.00000000e+00   0.00000000e+00   7.64846208e-02   0.00000000e+00   0.00000000e+00   1.13748248e-17  
 1          45         3.27857004       1          1          3          -0.00000000e+00  3.82423104e-02   0.00000000e+00   0.00000000e+00   0.00000000e+00   0.00000000e+00   -3.82423104e-02  0.00000000e+00  
 1          46         3.44249854       1          1          1          -0.00000000e+00  3.90557704e-02   0.00000000e+00   0.00000000e+00   0.00000000e+00   0.00000000e+00   -3.90557704e-02  0.00000000e+00  
 1          46         3.44249854       1          1          2          -0.00000000e+00  -7.81115407e-02  0.00000000e+00   0.00000000e+00   7.81115407e-02   0.00000000e+00   0.00000000e+00   -1.19435661e-17 
 1          46         3.44249854       1          1          3          -0.00000000e+00  3.90557704e-02   0.00000000e+00   0.00000000e+00   0.00000000e+00   0.00000000e+00   -3.90557704e-02  0.00000000e+00  
 1          47         3.61462347       1          1          1          -0.00000000e+00  3.98936559e-02   0.00000000e+00   0.00000000e+00   0.00000000e+00   0.00000000e+00   -3.98936559e-02  0.00000000e+00  
 1          47         3.61462347       1          1          2          -0.00000000e+00  -7.97873118e-02  0.00000000e+00   0.00000000e+00   7.97873118e-02   0.00000000e+00   0.00000000e+00   0.00000000e+00  
 1          47         3.61462347       1          1          3          -0.00000000e+00  3.98936559e-02   0.00000000e+00   0.00000000e+00   0.00000000e+00   0.00000000e+00   -3.98936559e-02  0.00000000e+00  
 1          48         3.79535464       1          1          1          -0.00000000e+00  4.07563379e-02   0.00000000e+00   0.00000000e+00   0.00000000e+00   0.00000000e+00   -4.07563379e-02  0.00000000e+00  
 1          48         3.79535464       1          1          2          -0.00000000e+00  -8.15126758e-02  0.00000000e+00   0.00000000e+00   8.15126758e-02   0.00000000e+00   0.00000000e+00   0.00000000e+00  
 1          48         3.79535464       1          1          3          -0.00000000e+00  4.07563379e-02   0.00000000e+00   0.00000000e+00   0.00000000e+00   0.00000000e+00   -4.07563379e-02  0.00000000e+00  
 1          49         3.98512237       1          1          1          -0.00000000e+00  4.16441959e-02   0.00000000e+00   0.00000000e+00   0.00000000e+00   0.00000000e+00   -4.16441959e-02  0.00000000e+00  
 1          49         3.98512237       1          1          2          -0.00000000e+00  -8.32883918e-02  0.00000000e+00   0.00000000e+00   8.32883918e-02   0.00000000e+00   0.00000000e+00   0.00000000e+00  
 1          49         3.98512237       1          1          3          -0.00000000e+00  4.16441959e-02   0.00000000e+00   0.00000000e+00   0.00000000e+00   0.00000000e+00   -4.16441959e-02  0.00000000e+00  
 1          50         4.18437849       1          1          1          -0.00000000e+00  4.25576088e-02   0.00000000e+00   0.00000000e+00   0.00000000e+00   0.00000000e+00   -4.25576088e-02  0.00000000e+00  
 1          50         4.18437849       1          1          2          -0.00000000e+00  -8.51152176e-02  0.00000000e+00   0.00000000e+00   8.51152176e-02   0.00000000e+00   0.00000000e+00   0.00000000e+00  
 1          50         4.18437849       1          1          3          -0.00000000e+00  4.25576088e-02   0.00000000e+00   0.00000000e+00   0.00000000e+00   0.00000000e+00   -4.25576088e-02  0.00000000e+00  
 1          51         4.39359742       1          1          1          -0.00000000e+00  4.34969430e-02   0.00000000e+00   0.00000000e+00   0.00000000e+00   0.00000000e+00   -4.34969430e-02  0.00000000e+00  
 1          51         4.39359742       1          1          2          -0.00000000e+00  -8.69938859e-02  0.00000000e+00   0.00000000e+00   8.69938859e-02   0.00000000e+00   0.00000000e+00   0.00000000e+00  
 1          51         4.39359742       1          1          3          -0.00000000e+00  4.34969430e-02   0.00000000e+00   0.00000000e+00   0.00000000e+00   0.00000000e+00   -4.34969430e-02  0.00000000e+00  
 1          52         4.61327729       1          1          1          -0.00000000e+00  4.44625357e-02   0.00000000e+00   0.00000000e+00   0.00000000e+00   0.00000000e+00   -4.44625357e-02  0.00000000e+00  
 1          52         4.61327729       1          1          2          -0.00000000e+00  -8.89250714e-02  0.00000000e+00   0.00000000e+00   8.89250714e-02   0.00000000e+00   0.00000000e+00   1.60055208e-17  
 1          52         4.61327729       1          1          3          -0.00000000e+00  4.44625357e-02   0.00000000e+00   0.00000000e+00   0.00000000e+00   0.00000000e+00   -4.44625357e-02  0.00000000e+00  
 1          53         4.84394115       1          1          1          -0.00000000e+00  4.54546741e-02   0.00000000e+00   0.00000000e+00   0.00000000e+00   0.00000000e+00   -4.54546741e-02  0.00000000e+00  
 1          53         4.84394115       1          1          2          -0.00000000e+00  -9.09093482e-02  0.00000000e+00   0.00000000e+00   9.09093482e-02   0.00000000e+00   0.00000000e+00   0.00000000e+00  
 1          53         4.84394115       1          1          3          -0.00000000e+00  4.54546741e-02   0.00000000e+00   0.00000000e+00   0.00000000e+00   0.00000000e+00   -4.54546741e-02  0.00000000e+00  
 1          54         5.08613821       1          1          1          -0.00000000e+00  4.64735678e-02   0.00000000e+00   0.00000000e+00   0.00000000e+00   0.00000000e+00   -4.64735678e-02  0.00000000e+00  
 1          54         5.08613821       1          1          2          -0.00000000e+00  -9.29471356e-02  0.00000000e+00   0.00000000e+00   9.29471356e-02   0.00000000e+00   0.00000000e+00   0.00000000e+00  
 1          54         5.08613821       1          1          3          -0.00000000e+00  4.64735678e-02   0.00000000e+00   0.00000000e+00   0.00000000e+00   0.00000000e+00   -4.64735678e-02  0.00000000e+00  
 1          55         5.34044512       1          1          1          -0.00000000e+00  4.75193151e-02   0.00000000e+00   0.00000000e+00   0.00000000e+00   0.00000000e+00   -4.75193151e-02  0.00000000e+00  
 1          55         5.34044512       1          1          2          -0.00000000e+00  -9.50386301e-02  0.00000000e+00   0.00000000e+00   9.50386301e-02   0.00000000e+00   0.00000000e+00   0.00000000e+00  
 1          55         5.34044512       1          1          3          -0.00000000e+00  4.75193151e-02   0.00000000e+00   0.00000000e+00   0.00000000e+00   0.00000000e+00   -4.75193151e-02  0.00000000e+00  
 1          56         5.60746738       1          1          1          -0.00000000e+00  4.85918614e-02   0.00000000e+00   0.00000000e+00   0.00000000e+00   0.00000000e+00   -4.85918614e-02  0.00000000e+00  
 1          56         5.60746738       1          1          2          -0.00000000e+00  -9.71837229e-02  0.00000000e+00   0.00000000e+00   9.71837229e-02   0.00000000e+00   0.00000000e+00   1.94548106e-17  
 1          56         5.60746738       1          1          3          -0.00000000e+00  4.85918614e-02   0.00000000e+00   0.00000000e+00   0.00000000e+00   0.00000000e+00   -4.85918614e-02  0.00000000e+00  
 1          57         5.88784074       1          1          1          -0.00000000e+00  4.96909509e-02   0.00000000e+00   0.00000000e+00   0.00000000e+00   0.00000000e+00   -4.96909509e-02  0.00000000e+00  
 1          57         5.88784074       1          1          2          -0.00000000e+00  -9.93819018e-02  0.00000000e+00   0.00000000e+00   9.93819018e-02   0.00000000e+00   0.00000000e+00   0.00000000e+00  
 1          57         5.88784074       1          1          3          -0.00000000e+00  4.96909509e-02   0.00000000e+00   0.00000000e+00   0.00000000e+00   0.00000000e+00   -4.96909509e-02  0.00000000e+00  
 1          58         6.18223278       1          1          1          -0.00000000e+00  5.08160696e-02   0.00000000e+00   0.00000000e+00   0.00000000e+00   0.00000000e+00   -5.08160696e-02  0.00000000e+00  
 1          58         6.18223278       1          1          2          -0.00000000e+00  -1.01632139e-01  0.00000000e+00   0.00000000e+00   1.01632139e-01   0.00000000e+00   0.00000000e+00   0.00000000e+00  
 1          58         6.18223278       1          1          3          -0.00000000e+00  5.08160696e-02   0.00000000e+00   0.00000000e+00   0.00000000e+00   0.00000000e+00   -5.08160696e-02  0.00000000e+00  
 1          59         6.49134442       1          1          1          -0.00000000e+00  5.19663826e-02   0.00000000e+00   0.00000000e+00   0.00000000e+00   0.00000000e+00   -5.19663826e-02  0.00000000e+00  
 1          59         6.49134442       1          1          2          -0.00000000e+00  -1.03932765e-01  0.00000000e+00   0.00000000e+00   1.03932765e-01   0.00000000e+00   0.00000000e+00   0.00000000e+00  
 1          59         6.49134442       1          1          3          -0.00000000e+00  5.19663826e-02   0.00000000e+00   0.00000000e+00   0.00000000e+00   0.00000000e+00   -5.19663826e-02  0.00000000e+00  
 1          60         6.81591164       1          1          1          -0.00000000e+00  5.31406651e-02   0.00000000e+00   0.00000000e+00   0.00000000e+00   0.00000000e+00   -5.31406651e-02  0.00000000e+00  
 1          60         6.81591164       1          1          2          -0.00000000e+00  -1.06281330e-01  0.00000000e+00   0.00000000e+00   1.06281330e-01   0.00000000e+00   0.00000000e+00   -1.18237219e-17 
 1          60         6.81591164       1          1          3          -0.00000000e+00  5.31406651e-02   0.00000000e+00   0.00000000e+00   0.00000000e+00   0.00000000e+00   -5.31406651e-02  0.00000000e+00  
 1          61         7.15670722       1          1          1          -0.00000000e+00  5.43372296e-02   0.00000000e+00   0.00000000e+00   0.00000000e+00   0.00000000e+00   -5.43372296e-02  0.00000000e+00  
 1          61         7.15670722       1          1          2          -0.00000000e+00  -1.08674459e-01  0.00000000e+00   0.00000000e+00   1.08674459e-01   0.00000000e+00   0.00000000e+00   1.24149080e-17  
 1          61         7.15670722       1          1          3          -0.00000000e+00  5.43372296e-02   0.00000000e+00   0.00000000e+00   0.00000000e+00   0.00000000e+00   -5.43372296e-02  0.00000000e+00  
 1          62         7.51454258       1          1          1          -0.00000000e+00  5.55538517e-02   0.00000000e+00   0.00000000e+00   0.00000000e+00   0.00000000e+00   -5.55538517e-02  0.00000000e+00  
 1          62         7.51454258       1          1          2          -0.00000000e+00  -1.11107703e-01  0.00000000e+00   0.00000000e+00   1.11107703e-01   0.00000000e+00   0.00000000e+00   1.30356534e-17  
 1          62         7.51454258       1          1          3          -0.00000000e+00  5.55538517e-02   0.00000000e+00   0.00000000e+00   0.00000000e+00   0.00000000e+00   -5.55538517e-02  0.00000000e+00  
 1          63         7.89026971       1          1          1          -0.00000000e+00  5.67876964e-02   0.00000000e+00   0.00000000e+00   0.00000000e+00   0.00000000e+00   -5.67876964e-02  0.00000000e+00  
 1          63         7.89026971       1          1          2          -0.00000000e+00  -1.13575393e-01  0.00000000e+00   0.00000000e+00   1.13575393e-01   0.00000000e+00   0.00000000e+00   0.00000000e+00  
 1          63         7.89026971       1          1          3          -0.00000000e+00  5.67876964e-02   0.00000000e+00   0.00000000e+00   0.00000000e+00   0.00000000e+00   -5.67876964e-02  0.00000000e+00  
 1          64         8.28478320       1          1          1          -0.00000000e+00  5.80352492e-02   0.00000000e+00   0.00000000e+00   0.00000000e+00   0.00000000e+00   -5.80352492e-02  0.00000000e+00  
 1          64         8.28478320       1          1          2          -0.00000000e+00  -1.16070498e-01  0.00000000e+00   0.00000000e+00   1.16070498e-01   0.00000000e+00   0.00000000e+00   0.00000000e+00  
 1          64         8.28478320       1          1          3          -0.00000000e+00  5.80352492e-02   0.00000000e+00   0.00000000e+00   0.00000000e+00   0.00000000e+00   -5.80352492e-02  0.00000000e+00  
 1          65         8.69902236       1          1          1          -0.00000000e+00  5.92922538e-02   0.00000000e+00   0.00000000e+00   0.00000000e+00   0.00000000e+00   -5.92922538e-02  0.00000000e+00  
 1          65         8.69902236       1          1          2          -0.00000000e+00  -1.18584508e-01  0.00000000e+00   0.00000000e+00   1.18584508e-01   0.00000000e+00   0.00000000e+00   0.00000000e+00  
 1          65         8.69902236       1          1          3          -0.00000000e+00  5.92922538e-02   0.00000000e+00   0.00000000e+00   0.00000000e+00   0.00000000e+00   -5.92922538e-02  0.00000000e+00  
 1          66         9.13397348       1          1          1          -0.00000000e+00  6.05536611e-02   0.00000000e+00   0.00000000e+00   0.00000000e+00   0.00000000e+00   -6.05536611e-02  0.00000000e+00  
 1          66         9.13397348       1          1          2          -0.00000000e+00  -1.21107322e-01  0.00000000e+00   0.00000000e+00   1.21107322e-01   0.00000000e+00   0.00000000e+00   0.00000000e+00  
 1          66         9.13397348       1          1          3          -0.00000000e+00  6.05536611e-02   0.00000000e+00   0.00000000e+00   0.00000000e+00   0.00000000e+00   -6.05536611e-02  0.00000000e+00  
 1          67         9.59067215       1          1          1          -0.00000000e+00  6.18135910e-02   0.00000000e+00   0.00000000e+00   0.00000000e+00   0.00000000e+00   -6.18135910e-02  0.00000000e+00  
 1          67         9.59067215       1          1          2          -0.00000000e+00  -1.23627182e-01  0.00000000e+00   0.00000000e+00   1.23627182e-01   0.00000000e+00   0.00000000e+00   0.00000000e+00  
 1          67         9.59067215       1          1          3          -0.00000000e+00  6.18135910e-02   0.00000000e+00   0.00000000e+00   0.00000000e+00   0.00000000e+00   -6.18135910e-02  0.00000000e+00  
 1          68         10.07020576      1          1          1          -0.00000000e+00  6.30653113e-02   0.00000000e+00   0.00000000e+00   0.00000000e+00   0.00000000e+00   -6.30653113e-02  0.00000000e+00  
 1          68         10.07020576      1          1          2          -0.00000000e+00  -1.26130623e-01  0.00000000e+00   0.00000000e+00   1.26130623e-01   0.00000000e+00   0.00000000e+00   0.00000000e+00  
 1          68         10.07020576      1          1          3          -0.00000000e+00  6.30653113e-02   0.00000000e+00   0.00000000e+00   0.00000000e+00   0.00000000e+00   -6.30653113e-02  0.00000000e+00  
 1          69         10.57371605      1          1          1          -0.00000000e+00  6.43012341e-02   0.00000000e+00   0.00000000e+00   0.00000000e+00   0.00000000e+00   -6.43012341e-02  0.00000000e+00  
 1          69         10.57371605      1          1          2          -0.00000000e+00  -1.28602468e-01  0.00000000e+00   0.00000000e+00   1.28602468e-01   0.00000000e+00   0.00000000e+00   0.00000000e+00  
 1          69         10.57371605      1          1          3          -0.00000000e+00  6.43012341e-02   0.00000000e+00   0.00000000e+00   0.00000000e+00   0.00000000e+00   -6.43012341e-02  0.00000000e+00  
 1          70         11.10240185      1          1          1          -0.00000000e+00  6.55129327e-02   0.00000000e+00   0.00000000e+00   0.00000000e+00   0.00000000e+00   -6.55129327e-02  0.00000000e+00  
 1          70         11.10240185      1          1          2          -0.00000000e+00  -1.31025865e-01  0.00000000e+00   0.00000000e+00   1.31025865e-01   0.00000000e+00   0.00000000e+00   1.92595971e-17  
 1          70         11.10240185      1          1          3          -0.00000000e+00  6.55129327e-02   0.00000000e+00   0.00000000e+00   0.00000000e+00   0.00000000e+00   -6.55129327e-02  0.00000000e+00  
 1          71         11.65752194      1          1          1          -0.00000000e+00  6.66911794e-02   0.00000000e+00   0.00000000e+00   0.00000000e+00   0.00000000e+00   -6.66911794e-02  0.00000000e+00  
 1          71         11.65752194      1          1          2          -0.00000000e+00  -1.33382359e-01  0.00000000e+00   0.00000000e+00   1.33382359e-01   0.00000000e+00   0.00000000e+00   0.00000000e+00  
 1          71         11.65752194      1          1          3          -0.00000000e+00  6.66911794e-02   0.00000000e+00   0.00000000e+00   0.00000000e+00   0.00000000e+00   -6.66911794e-02  0.00000000e+00  
 1          72         12.24039804      1          1          1          -0.00000000e+00  6.78260035e-02   0.00000000e+00   0.00000000e+00   0.00000000e+00   0.00000000e+00   -6.78260035e-02  0.00000000e+00  
 1          72         12.24039804      1          1          2          -0.00000000e+00  -1.35652007e-01  0.00000000e+00   0.00000000e+00   1.35652007e-01   0.00000000e+00   0.00000000e+00   0.00000000e+00  
 1          72         12.24039804      1          1          3          -0.00000000e+00  6.78260035e-02   0.00000000e+00   0.00000000e+00   0.00000000e+00   0.00000000e+00   -6.78260035e-02  0.00000000e+00  
 1          73         12.85241794      1          1          1          -0.00000000e+00  6.89067698e-02   0.00000000e+00   0.00000000e+00   0.00000000e+00   0.00000000e+00   -6.89067698e-02  0.00000000e+00  
 1          73         12.85241794      1          1          2          -0.00000000e+00  -1.37813540e-01  0.00000000e+00   0.00000000e+00   1.37813540e-01   0.00000000e+00   0.00000000e+00   0.00000000e+00  
 1          73         12.85241794      1          1          3          -0.00000000e+00  6.89067698e-02   0.00000000e+00   0.00000000e+00   0.00000000e+00   0.00000000e+00   -6.89067698e-02  0.00000000e+00  
 1          74         13.49503884      1          1          1          -0.00000000e+00  6.99222767e-02   0.00000000e+00   0.00000000e+00   0.00000000e+00   0.00000000e+00   -6.99222767e-02  0.00000000e+00  
 1          74         13.49503884      1          1          2          -0.00000000e+00  -1.39844553e-01  0.00000000e+00   0.00000000e+00   1.39844553e-01   0.00000000e+00   0.00000000e+00   0.00000000e+00  
 1          74         13.49503884      1          1          3          -0.00000000e+00  6.99222767e-02   0.00000000e+00   0.00000000e+00   0.00000000e+00   0.00000000e+00   -6.99222767e-02  0.00000000e+00  
 1          75         14.16979078      1          1          1          -0.00000000e+00  7.08608704e-02   0.00000000e+00   0.00000000e+00   0.00000000e+00   0.00000000e+00   -7.08608704e-02  0.00000000e+00  
 1          75         14.16979078      1          1          2          -0.00000000e+00  -1.41721741e-01  0.00000000e+00   0.00000000e+00   1.41721741e-01   0.00000000e+00   0.00000000e+00   0.00000000e+00  
 1          75         14.16979078      1          1          3          -0.00000000e+00  7.08608704e-02   0.00000000e+00   0.00000000e+00   0.00000000e+00   0.00000000e+00   -7.08608704e-02  0.00000000e+00  
 1          76         14.87828032      1          1          1          -0.00000000e+00  7.17105755e-02   0.00000000e+00   0.00000000e+00   0.00000000e+00   0.00000000e+00   -7.17105755e-02  0.00000000e+00  
 1          76         14.87828032      1          1          2          -0.00000000e+00  -1.43421151e-01  0.00000000e+00   0.00000000e+00   1.43421151e-01   0.00000000e+00   0.00000000e+00   0.00000000e+00  
 1          76         14.87828032      1          1          3          -0.00000000e+00  7.17105755e-02   0.00000000e+00   0.00000000e+00   0.00000000e+00   0.00000000e+00   -7.17105755e-02  0.00000000e+00  
 1          77         15.62219433      1          1          1          -0.00000000e+00  7.24592380e-02   0.00000000e+00   0.00000000e+00   0.00000000e+00   0.00000000e+00   -7.24592380e-02  0.00000000e+00  
 1          77         15.62219433      1          1          2          -0.00000000e+00  -1.44918476e-01  0.00000000e+00   0.00000000e+00   1.44918476e-01   0.00000000e+00   0.00000000e+00   0.00000000e+00  
 1          77         15.62219433      1          1          3          -0.00000000e+00  7.24592380e-02   0.00000000e+00   0.00000000e+00   0.00000000e+00   0.00000000e+00   -7.24592380e-02  0.00000000e+00  
 1          78         16.40330405      1          1          1          -0.00000000e+00  7.30946793e-02   0.00000000e+00   0.00000000e+00   0.00000000e+00   0.00000000e+00   -7.30946793e-02  0.00000000e+00  
 1          78         16.40330405      1          1          2          -0.00000000e+00  -1.46189359e-01  0.00000000e+00   0.00000000e+00   1.46189359e-01   0.00000000e+00   0.00000000e+00   0.00000000e+00  
 1          78         16.40330405      1          1          3          -0.00000000e+00  7.30946793e-02   0.00000000e+00   0.00000000e+00   0.00000000e+00   0.00000000e+00   -7.30946793e-02  0.00000000e+00  
 1          79         17.22346925      1          1          1          -0.00000000e+00  7.36048588e-02   0.00000000e+00   0.00000000e+00   0.00000000e+00   0.00000000e+00   -7.36048588e-02  0.00000000e+00  
 1          79         17.22346925      1          1          2          -0.00000000e+00  -1.47209718e-01  0.00000000e+00   0.00000000e+00   1.47209718e-01   0.00000000e+00   0.00000000e+00   2.98779565e-17  
 1          79         17.22346925      1          1          3          -0.00000000e+00  7.36048588e-02   0.00000000e+00   0.00000000e+00   0.00000000e+00   0.00000000e+00   -7.36048588e-02  0.00000000e+00  
 1          80         18.08464272      1          1          1          -0.00000000e+00  7.39780428e-02   0.00000000e+00   0.00000000e+00   0.00000000e+00   0.00000000e+00   -7.39780428e-02  0.00000000e+00  
 1          80         18.08464272      1          1          2          -0.00000000e+00  -1.47956086e-01  0.00000000e+00   0.00000000e+00   1.47956086e-01   0.00000000e+00   0.00000000e+00   0.00000000e+00  
 1          80         18.08464272      1          1          3          -0.00000000e+00  7.39780428e-02   0.00000000e+00   0.00000000e+00   0.00000000e+00   0.00000000e+00   -7.39780428e-02  0.00000000e+00  
 1          81         18.98887485      1          1          1          -0.00000000e+00  7.42029793e-02   0.00000000e+00   0.00000000e+00   0.00000000e+00   0.00000000e+00   -7.42029793e-02  0.00000000e+00  
 1          81         18.98887485      1          1          2          -0.00000000e+00  -1.48405959e-01  0.00000000e+00   0.00000000e+00   1.48405959e-01   0.00000000e+00   0.00000000e+00   0.00000000e+00  
 1          81         18.98887485      1          1          3          -0.00000000e+00  7.42029793e-02   0.00000000e+00   0.00000000e+00   0.00000000e+00   0.00000000e+00   -7.42029793e-02  0.00000000e+00  
 1          82         19.93831860      1          1          1          -0.00000000e+00  7.42690749e-02   0.00000000e+00   0.00000000e+00   0.00000000e+00   0.00000000e+00   -7.42690749e-02  0.00000000e+00  
 1          82         19.93831860      1          1          2          -0.00000000e+00  -1.48538150e-01  0.00000000e+00   0.00000000e+00   1.48538150e-01   0.00000000e+00   0.00000000e+00   0.00000000e+00  
 1          82         19.93831860      1          1          3          -0.00000000e+00  7.42690749e-02   0.00000000e+00   0.00000000e+00   0.00000000e+00   0.00000000e+00   -7.42690749e-02  0.00000000e+00  
 1          83         20.93523452      1          1          1          -0.00000000e+00  7.41665743e-02   0.00000000e+00   0.00000000e+00   0.00000000e+00   0.00000000e+00   -7.41665743e-02  0.00000000e+00  
 1          83         20.93523452      1          1          2          -0.00000000e+00  -1.48333149e-01  0.00000000e+00   0.00000000e+00   1.48333149e-01   0.00000000e+00   0.00000000e+00   0.00000000e+00  
 1          83         20.93523452      1          1          3          -0.00000000e+00  7.41665743e-02   0.00000000e+00   0.00000000e+00   0.00000000e+00   0.00000000e+00   -7.41665743e-02  0.00000000e+00  
 1          84         21.98199625      1          1          1          -0.00000000e+00  7.38867411e-02   0.00000000e+00   0.00000000e+00   0.00000000e+00   0.00000000e+00   -7.38867411e-02  0.00000000e+00  
 1          84         21.98199625      1          1          2          -0.00000000e+00  -1.47773482e-01  0.00000000e+00   0.00000000e+00   1.47773482e-01   0.00000000e+00   0.00000000e+00   -1.90663425e-17 
 1          84         21.98199625      1          1          3          -0.00000000e+00  7.38867411e-02   0.00000000e+00   0.00000000e+00   0.00000000e+00   0.00000000e+00   -7.38867411e-02  0.00000000e+00  
 1          85         23.08109606      1          1          1          -0.00000000e+00  7.34220373e-02   0.00000000e+00   0.00000000e+00   0.00000000e+00   0.00000000e+00   -7.34220373e-02  0.00000000e+00  
 1          85         23.08109606      1          1          2          -0.00000000e+00  -1.46844075e-01  0.00000000e+00   0.00000000e+00   1.46844075e-01   0.00000000e+00   0.00000000e+00   0.00000000e+00  
 1          85         23.08109606      1          1          3          -0.00000000e+00  7.34220373e-02   0.00000000e+00   0.00000000e+00   0.00000000e+00   0.00000000e+00   -7.34220373e-02  0.00000000e+00  
 1          86         24.23515087      1          1          1          -0.00000000e+00  7.27663001e-02   0.00000000e+00   0.00000000e+00   0.00000000e+00   0.00000000e+00   -7.27663001e-02  0.00000000e+00  
 1          86         24.23515087      1          1          2          -0.00000000e+00  -1.45532600e-01  0.00000000e+00   0.00000000e+00   1.45532600e-01   0.00000000e+00   0.00000000e+00   2.10206426e-17  
 1          86         24.23515087      1          1          3          -0.00000000e+00  7.27663001e-02   0.00000000e+00   0.00000000e+00   0.00000000e+00   0.00000000e+00   -7.27663001e-02  0.00000000e+00  
 1          87         25.44690841      1          1          1          -0.00000000e+00  7.19149153e-02   0.00000000e+00   0.00000000e+00   0.00000000e+00   0.00000000e+00   -7.19149153e-02  0.00000000e+00  
 1          87         25.44690841      1          1          2          -0.00000000e+00  -1.43829831e-01  0.00000000e+00   0.00000000e+00   1.43829831e-01   0.00000000e+00   0.00000000e+00   0.00000000e+00  
 1          87         25.44690841      1          1          3          -0.00000000e+00  7.19149153e-02   0.00000000e+00   0.00000000e+00   0.00000000e+00   0.00000000e+00   -7.19149153e-02  0.00000000e+00  
 1          88         26.71925383      1          1          1          -0.00000000e+00  7.08649829e-02   0.00000000e+00   0.00000000e+00   0.00000000e+00   0.00000000e+00   -7.08649829e-02  0.00000000e+00  
 1          88         26.71925383      1          1          2          -0.00000000e+00  -1.41729966e-01  0.00000000e+00   0.00000000e+00   1.41729966e-01   0.00000000e+00   0.00000000e+00   -2.31752584e-17 
 1          88         26.71925383      1          1          3          -0.00000000e+00  7.08649829e-02   0.00000000e+00   0.00000000e+00   0.00000000e+00   0.00000000e+00   -7.08649829e-02  0.00000000e+00  
 1          89         28.05521652      1          1          1          -0.00000000e+00  6.96154727e-02   0.00000000e+00   0.00000000e+00   0.00000000e+00   0.00000000e+00   -6.96154727e-02  0.00000000e+00  
 1          89         28.05521652      1          1          2          -0.00000000e+00  -1.39230945e-01  0.00000000e+00   0.00000000e+00   1.39230945e-01   0.00000000e+00   0.00000000e+00   0.00000000e+00  
 1          89         28.05521652      1          1          3          -0.00000000e+00  6.96154727e-02   0.00000000e+00   0.00000000e+00   0.00000000e+00   0.00000000e+00   -6.96154727e-02  0.00000000e+00  
 1          90         29.45797735      1          1          1          -0.00000000e+00  6.81673648e-02   0.00000000e+00   0.00000000e+00   0.00000000e+00   0.00000000e+00   -6.81673648e-02  0.00000000e+00  
 1          90         29.45797735      1          1          2          -0.00000000e+00  -1.36334730e-01  0.00000000e+00   0.00000000e+00   1.36334730e-01   0.00000000e+00   0.00000000e+00   0.00000000e+00  
 1          90         29.45797735      1          1          3          -0.00000000e+00  6.81673648e-02   0.00000000e+00   0.00000000e+00   0.00000000e+00   0.00000000e+00   -6.81673648e-02  0.00000000e+00  
 1          91         30.93087622      1          1          1          -0.00000000e+00  6.65237715e-02   0.00000000e+00   0.00000000e+00   0.00000000e+00   0.00000000e+00   -6.65237715e-02  0.00000000e+00  
 1          91         30.93087622      1          1          2          -0.00000000e+00  -1.33047543e-01  0.00000000e+00   0.00000000e+00   1.33047543e-01   0.00000000e+00   0.00000000e+00   0.00000000e+00  
 1          91         30.93087622      1          1          3          -0.00000000e+00  6.65237715e-02   0.00000000e+00   0.00000000e+00   0.00000000e+00   0.00000000e+00   -6.65237715e-02  0.00000000e+00  
 1          92         32.47742003      1          1          1          -0.00000000e+00  6.46900350e-02   0.00000000e+00   0.00000000e+00   0.00000000e+00   0.00000000e+00   -6.46900350e-02  0.00000000e+00  
 1          92         32.47742003      1          1          2          -0.00000000e+00  -1.29380070e-01  0.00000000e+00   0.00000000e+00   1.29380070e-01   0.00000000e+00   0.00000000e+00   -2.81696715e-17 
 1          92         32.47742003      1          1          3          -0.00000000e+00  6.46900350e-02   0.00000000e+00   0.00000000e+00   0.00000000e+00   0.00000000e+00   -6.46900350e-02  0.00000000e+00  
 1          93         34.10129103      1          1          1          -0.00000000e+00  6.26737941e-02   0.00000000e+00   0.00000000e+00   0.00000000e+00   0.00000000e+00   -6.26737941e-02  0.00000000e+00  
 1          93         34.10129103      1          1          2          -0.00000000e+00  -1.25347588e-01  0.00000000e+00   0.00000000e+00   1.25347588e-01   0.00000000e+00   0.00000000e+00   0.00000000e+00  
 1          93         34.10129103      1          1          3          -0.00000000e+00  6.26737941e-02   0.00000000e+00   0.00000000e+00   0.00000000e+00   0.00000000e+00   -6.26737941e-02  0.00000000e+00  
 1          94         35.80635558      1          1          1          -0.00000000e+00  6.04850155e-02   0.00000000e+00   0.00000000e+00   0.00000000e+00   0.00000000e+00   -6.04850155e-02  0.00000000e+00  
 1          94         35.80635558      1          1          2          -0.00000000e+00  -1.20970031e-01  0.00000000e+00   0.00000000e+00   1.20970031e-01   0.00000000e+00   0.00000000e+00   0.00000000e+00  
 1          94         35.80635558      1          1          3          -0.00000000e+00  6.04850155e-02   0.00000000e+00   0.00000000e+00   0.00000000e+00   0.00000000e+00   -6.04850155e-02  0.00000000e+00  
 1          95         37.59667336      1          1          1          -0.00000000e+00  5.81359832e-02   0.00000000e+00   0.00000000e+00   0.00000000e+00   0.00000000e+00   -5.81359832e-02  0.00000000e+00  
 1          95         37.59667336      1          1          2          -0.00000000e+00  -1.16271966e-01  0.00000000e+00   0.00000000e+00   1.16271966e-01   0.00000000e+00   0.00000000e+00   0.00000000e+00  
 1          95         37.59667336      1          1          3          -0.00000000e+00  5.81359832e-02   0.00000000e+00   0.00000000e+00   0.00000000e+00   0.00000000e+00   -5.81359832e-02  0.00000000e+00  
 1          96         39.47650703      1          1          1          -0.00000000e+00  5.56412412e-02   0.00000000e+00   0.00000000e+00   0.00000000e+00   0.00000000e+00   -5.56412412e-02  0.00000000e+00  
 1          96         39.47650703      1          1          2          -0.00000000e+00  -1.11282482e-01  0.00000000e+00   0.00000000e+00   1.11282482e-01   0.00000000e+00   0.00000000e+00   0.00000000e+00  
 1          96         39.47650703      1          1          3          -0.00000000e+00  5.56412412e-02   0.00000000e+00   0.00000000e+00   0.00000000e+00   0.00000000e+00   -5.56412412e-02  0.00000000e+00  
 1          97         41.45033238      1          1          1          -0.00000000e+00  5.30174844e-02   0.00000000e+00   0.00000000e+00   0.00000000e+00   0.00000000e+00   -5.30174844e-02  0.00000000e+00  
 1          97         41.45033238      1          1          2          -0.00000000e+00  -1.06034969e-01  0.00000000e+00   0.00000000e+00   1.06034969e-01   0.00000000e+00   0.00000000e+00   0.00000000e+00  
 1          97         41.45033238      1          1          3          -0.00000000e+00  5.30174844e-02   0.00000000e+00   0.00000000e+00   0.00000000e+00   0.00000000e+00   -5.30174844e-02  0.00000000e+00  
 1          98         43.52284900      1          1          1          -0.00000000e+00  5.02833954e-02   0.00000000e+00   0.00000000e+00   0.00000000e+00   0.00000000e+00   -5.02833954e-02  0.00000000e+00  
 1          98         43.52284900      1          1          2          -0.00000000e+00  -1.00566791e-01  0.00000000e+00   0.00000000e+00   1.00566791e-01   0.00000000e+00   0.00000000e+00   0.00000000e+00  
 1          98         43.52284900      1          1          3          -0.00000000e+00  5.02833954e-02   0.00000000e+00   0.00000000e+00   0.00000000e+00   0.00000000e+00   -5.02833954e-02  0.00000000e+00  
 1          99         45.69899145      1          1          1          -0.00000000e+00  4.74594252e-02   0.00000000e+00   0.00000000e+00   0.00000000e+00   0.00000000e+00   -4.74594252e-02  0.00000000e+00  
 1          99         45.69899145      1          1          2          -0.00000000e+00  -9.49188505e-02  0.00000000e+00   0.00000000e+00   9.49188505e-02   0.00000000e+00   0.00000000e+00   -1.98187783e-17 
 1          99         45.69899145      1          1          3          -0.00000000e+00  4.74594252e-02   0.00000000e+00   0.00000000e+00   0.00000000e+00   0.00000000e+00   -4.74594252e-02  0.00000000e+00  
 1          100        47.98394102      1          1          1          -0.00000000e+00  4.45675177e-02   0.00000000e+00   0.00000000e+00   0.00000000e+00   0.00000000e+00   -4.45675177e-02  0.00000000e+00  
 1          100        47.98394102      1          1          2          -0.00000000e+00  -8.91350354e-02  0.00000000e+00   0.00000000e+00   8.91350354e-02   0.00000000e+00   0.00000000e+00   -1.04048586e-17 
 1          100        47.98394102      1          1          3          -0.00000000e+00  4.45675177e-02   0.00000000e+00   0.00000000e+00   0.00000000e+00   0.00000000e+00   -4.45675177e-02  0.00000000e+00  
