 IPER  ISTEP  TLEN  ILYR  IROW  ICOL  DISP  COM  TOTGL  EST
 1          1          0.38313807       1          1          1          0                0                2000             1000            
 1          1          0.38313807       1          1          2          0.2050376        0.2050376        2000             1000            
 1          1          0.38313807       1          1          3          0                0                2000             1000            
 1          2          0.78543304       1          1          1          0                0                2000             1000            
 1          2          0.78543304       1          1          2          0.31604897       0.31604897       2000             1000            
 1          2          0.78543304       1          1          3          0                0                2000             1000            
 1          3          1.2078428        1          1          1          0                0                2000             1000            
 1          3          1.2078428        1          1          2          0.40295313       0.40295313       2000             1000            
 1          3          1.2078428        1          1          3          0                0                2000             1000            
 1          4          1.651373         1          1          1          0                0                2000             1000            
 1          4          1.651373         1          1          2          0.47772489       0.47772489       2000             1000            
 1          4          1.651373         1          1          3          0                0                2000             1000            
 1          5          2.1170797        1          1          1          0                0                2000             1000            
 1          5          2.1170797        1          1          2          0.54508374       0.54508374       2000             1000            
 1          5          2.1170797        1          1          3          0                0                2000             1000            
 1          6          2.6060717        1          1          1          0                0                2000             1000            
 1          6          2.6060717        1          1          2          0.60747945       0.60747945       2000             1000            
 1          6          2.6060717        1          1          3          0                0                2000             1000            
 1          7          3.1195134        1          1          1          0                0                2000             1000            
 1          7          3.1195134        1          1          2          0.66637318       0.66637318       2000             1000            
 1          7          3.1195134        1          1          3          0                0                2000             1000            
 1          8          3.6586271        1          1          1          0                0                2000             1000            
 1          8          3.6586271        1          1          2          0.72271729       0.72271729       2000             1000            
 1          8          3.6586271        1          1          3          0                0                2000             1000            
 1          9          4.2246966        1          1          1          0                0                2000             1000            
 1          9          4.2246966        1          1          2          0.77717295       0.77717295       2000             1000            
 1          9          4.2246966        1          1          3          0                0                2000             1000            
 1          10         4.8190695        1          1          1          0                0                2000             1000            
 1          10         4.8190695        1          1          2          0.83022162       0.83022162       2000             1000            
 1          10         4.8190695        1          1          3          0                0                2000             1000            
 1          11         5.443161         1          1          1          0                0                2000             1000            
 1          11         5.443161         1          1          2          0.88222744       0.88222744       2000             1000            
 1          11         5.443161         1          1          3          0                0                2000             1000            
 1          12         6.0984571        1          1          1          0                0                2000             1000            
 1          12         6.0984571        1          1          2          0.93347452       0.93347452       2000             1000            
 1          12         6.0984571        1          1          3          0                0                2000             1000            
 1          13         6.7865181        1          1          1          0                0                2000             1000            
 1          13         6.7865181        1          1          2          0.98419044       0.98419044       2000             1000            
 1          13         6.7865181        1          1          3          0                0                2000             1000            
 1          14         7.508982         1          1          1          0                0                2000             1000            
 1          14         7.508982         1          1          2          1.0345617        1.0345617        2000             1000            
 1          14         7.508982         1          1          3          0                0                2000             1000            
 1          15         8.2675692        1          1          1          0                0                2000             1000            
 1          15         8.2675692        1          1          2          1.0847442        1.0847442        2000             1000            
 1          15         8.2675692        1          1          3          0                0                2000             1000            
 1          16         9.0640857        1          1          1          0                0                2000             1000            
 1          16         9.0640857        1          1          2          1.1348707        1.1348707        2000             1000            
 1          16         9.0640857        1          1          3          0                0                2000             1000            
 1          17         9.9004281        1          1          1          0                0                2000             1000            
 1          17         9.9004281        1          1          2          1.1850561        1.1850561        2000             1000            
 1          17         9.9004281        1          1          3          0                0                2000             1000            
 1          18         10.778588        1          1          1          0                0                2000             1000            
 1          18         10.778588        1          1          2          1.2354011        1.2354011        2000             1000            
 1          18         10.778588        1          1          3          0                0                2000             1000            
 1          19         11.700655        1          1          1          0                0                2000             1000            
 1          19         11.700655        1          1          2          1.2859954        1.2859954        2000             1000            
 1          19         11.700655        1          1          3          0                0                2000             1000            
 1          20         12.668826        1          1          1          0                0                2000             1000            
 1          20         12.668826        1          1          2          1.33692          1.33692          2000             1000            
 1          20         12.668826        1          1          3          0                0                2000             1000            
 1          21         13.685405        1          1          1          0                0                2000             1000            
 1          21         13.685405        1          1          2          1.3882484        1.3882484        2000             1000            
 1          21         13.685405        1          1          3          0                0                2000             1000            
 1          22         14.752814        1          1          1          0                0                2000             1000            
 1          22         14.752814        1          1          2          1.4400486        1.4400486        2000             1000            
 1          22         14.752814        1          1          3          0                0                2000             1000            
 1          23         15.873592        1          1          1          0                0                2000             1000            
 1          23         15.873592        1          1          2          1.4923836        1.4923836        2000             1000            
 1          23         15.873592        1          1          3          0                0                2000             1000            
 1          24         17.05041         1          1          1          0                0                2000             1000            
 1          24         17.05041         1          1          2          1.5453126        1.5453126        2000             1000            
 1          24         17.05041         1          1          3          0                0                2000             1000            
 1          25         18.286069        1          1          1          0                0                2000             1000            
 1          25         18.286069        1          1          2          1.5988918        1.5988918        2000             1000            
 1          25         18.286069        1          1          3          0                0                2000             1000            
 1          26         19.58351         1          1          1          0                0                2000             1000            
 1          26         19.58351         1          1          2          1.6531745        1.6531745        2000             1000            
 1          26         19.58351         1          1          3          0                0                2000             1000            
 1          27         20.945824        1          1          1          0                0                2000             1000            
 1          27         20.945824        1          1          2          1.708212         1.708212         2000             1000            
 1          27         20.945824        1          1          3          0                0                2000             1000            
 1          28         22.376253        1          1          1          0                0                2000             1000            
 1          28         22.376253        1          1          2          1.7640538        1.7640538        2000             1000            
 1          28         22.376253        1          1          3          0                0                2000             1000            
 1          29         23.878204        1          1          1          0                0                2000             1000            
 1          29         23.878204        1          1          2          1.8207481        1.8207481        2000             1000            
 1          29         23.878204        1          1          3          0                0                2000             1000            
 1          30         25.455252        1          1          1          0                0                2000             1000            
 1          30         25.455252        1          1          2          1.8783417        1.8783417        2000             1000            
 1          30         25.455252        1          1          3          0                0                2000             1000            
 1          31         27.111152        1          1          1          0                0                2000             1000            
 1          31         27.111152        1          1          2          1.9368808        1.9368808        2000             1000            
 1          31         27.111152        1          1          3          0                0                2000             1000            
 1          32         28.849848        1          1          1          0                0                2000             1000            
 1          32         28.849848        1          1          2          1.9964107        1.9964107        2000             1000            
 1          32         28.849848        1          1          3          0                0                2000             1000            
 1          33         30.675479        1          1          1          0                0                2000             1000            
 1          33         30.675479        1          1          2          2.0569764        2.0569764        2000             1000            
 1          33         30.675479        1          1          3          0                0                2000             1000            
 1          34         32.592391        1          1          1          0                0                2000             1000            
 1          34         32.592391        1          1          2          2.1186223        2.1186223        2000             1000            
 1          34         32.592391        1          1          3          0                0                2000             1000            
 1          35         34.605148        1          1          1          0                0                2000             1000            
 1          35         34.605148        1          1          2          2.1813928        2.1813928        2000             1000            
 1          35         34.605148        1          1          3          0                0                2000             1000            
 1          36         36.718544        1          1          1          0                0                2000             1000            
 1          36         36.718544        1          1          2          2.2453322        2.2453322        2000             1000            
 1          36         36.718544        1          1          3          0                0                2000             1000            
 1          37         38.937609        1          1          1          0                0                2000             1000            
 1          37         38.937609        1          1          2          2.3104848        2.3104848        2000             1000            
 1          37         38.937609        1          1          3          0                0                2000             1000            
 1          38         41.267627        1          1          1          0                0                2000             1000            
 1          38         41.267627        1          1          2          2.3768949        2.3768949        2000             1000            
 1          38         41.267627        1          1          3          0                0                2000             1000            
 1          39         43.714147        1          1          1          0                0                2000             1000            
 1          39         43.714147        1          1          2          2.4446072        2.4446072        2000             1000            
 1          39         43.714147        1          1          3          0                0                2000             1000            
 1          40         46.282992        1          1          1          0                0                2000             1000            
 1          40         46.282992        1          1          2          2.5136666        2.5136666        2000             1000            
 1          40         46.282992        1          1          3          0                0                2000             1000            
 1          41         48.98028         1          1          1          0                0                2000             1000            
 1          41         48.98028         1          1          2          2.5841185        2.5841185        2000             1000            
 1          41         48.98028         1          1          3          0                0                2000             1000            
 1          42         51.812432        1          1          1          0                0                2000             1000            
 1          42         51.812432        1          1          2          2.6560085        2.6560085        2000             1000            
 1          42         51.812432        1          1          3          0                0                2000             1000            
 1          43         54.786192        1          1          1          0                0                2000             1000            
 1          43         54.786192        1          1          2          2.7293831        2.7293831        2000             1000            
 1          43         54.786192        1          1          3          0                0                2000             1000            
 1          44         57.908639        1          1          1          0                0                2000             1000            
 1          44         57.908639        1          1          2          2.8042889        2.8042889        2000             1000            
 1          44         57.908639        1          1          3          0                0                2000             1000            
 1          45         61.187209        1          1          1          0                0                2000             1000            
 1          45         61.187209        1          1          2          2.8807735        2.8807735        2000             1000            
 1          45         61.187209        1          1          3          0                0                2000             1000            
 1          46         64.629708        1          1          1          0                0                2000             1000            
 1          46         64.629708        1          1          2          2.9588851        2.9588851        2000             1000            
 1          46         64.629708        1          1          3          0                0                2000             1000            
 1          47         68.244331        1          1          1          0                0                2000             1000            
 1          47         68.244331        1          1          2          3.0386724        3.0386724        2000             1000            
 1          47         68.244331        1          1          3          0                0                2000             1000            
 1          48         72.039686        1          1          1          0                0                2000             1000            
 1          48         72.039686        1          1          2          3.120185         3.120185         2000             1000            
 1          48         72.039686        1          1          3          0                0                2000             1000            
 1          49         76.024808        1          1          1          0                0                2000             1000            
 1          49         76.024808        1          1          2          3.2034734        3.2034734        2000             1000            
 1          49         76.024808        1          1          3          0                0                2000             1000            
 1          50         80.209187        1          1          1          0                0                2000             1000            
 1          50         80.209187        1          1          2          3.2885887        3.2885887        2000             1000            
 1          50         80.209187        1          1          3          0                0                2000             1000            
 1          51         84.602784        1          1          1          0                0                2000             1000            
 1          51         84.602784        1          1          2          3.3755825        3.3755825        2000             1000            
 1          51         84.602784        1          1          3          0                0                2000             1000            
 1          52         89.216062        1          1          1          0                0                2000             1000            
 1          52         89.216062        1          1          2          3.4645076        3.4645076        2000             1000            
 1          52         89.216062        1          1          3          0                0                2000             1000            
 1          53         94.060003        1          1          1          0                0                2000             1000            
 1          53         94.060003        1          1          2          3.555417         3.555417         2000             1000            
 1          53         94.060003        1          1          3          0                0                2000             1000            
 1          54         99.146141        1          1          1          0                0                2000             1000            
 1          54         99.146141        1          1          2          3.6483641        3.6483641        2000             1000            
 1          54         99.146141        1          1          3          0                0                2000             1000            
 1          55         104.48659        1          1          1          0                0                2000             1000            
 1          55         104.48659        1          1          2          3.7434027        3.7434027        2000             1000            
 1          55         104.48659        1          1          3          0                0                2000             1000            
 1          56         110.09405        1          1          1          0                0                2000             1000            
 1          56         110.09405        1          1          2          3.8405864        3.8405864        2000             1000            
 1          56         110.09405        1          1          3          0                0                2000             1000            
 1          57         115.98189        1          1          1          0                0                2000             1000            
 1          57         115.98189        1          1          2          3.9399683        3.9399683        2000             1000            
 1          57         115.98189        1          1          3          0                0                2000             1000            
 1          58         122.16413        1          1          1          0                0                2000             1000            
 1          58         122.16413        1          1          2          4.0416005        4.0416005        2000             1000            
 1          58         122.16413        1          1          3          0                0                2000             1000            
 1          59         128.65547        1          1          1          0                0                2000             1000            
 1          59         128.65547        1          1          2          4.1455333        4.1455333        2000             1000            
 1          59         128.65547        1          1          3          0                0                2000             1000            
 1          60         135.47138        1          1          1          0                0                2000             1000            
 1          60         135.47138        1          1          2          4.2518146        4.2518146        2000             1000            
 1          60         135.47138        1          1          3          0                0                2000             1000            
 1          61         142.62809        1          1          1          0                0                2000             1000            
 1          61         142.62809        1          1          2          4.360489         4.360489         2000             1000            
 1          61         142.62809        1          1          3          0                0                2000             1000            
 1          62         150.14263        1          1          1          0                0                2000             1000            
 1          62         150.14263        1          1          2          4.4715967        4.4715967        2000             1000            
 1          62         150.14263        1          1          3          0                0                2000             1000            
 1          63         158.0329         1          1          1          0                0                2000             1000            
 1          63         158.0329         1          1          2          4.5851721        4.5851721        2000             1000            
 1          63         158.0329         1          1          3          0                0                2000             1000            
 1          64         166.31769        1          1          1          0                0                2000             1000            
 1          64         166.31769        1          1          2          4.7012426        4.7012426        2000             1000            
 1          64         166.31769        1          1          3          0                0                2000             1000            
 1          65         175.01671        1          1          1          0                0                2000             1000            
 1          65         175.01671        1          1          2          4.8198271        4.8198271        2000             1000            
 1          65         175.01671        1          1          3          0                0                2000             1000            
 1          66         184.15068        1          1          1          0                0                2000             1000            
 1          66         184.15068        1          1          2          4.9409345        4.9409345        2000             1000            
 1          66         184.15068        1          1          3          0                0                2000             1000            
 1          67         193.74135        1          1          1          0                0                2000             1000            
 1          67         193.74135        1          1          2          5.0645616        5.0645616        2000             1000            
 1          67         193.74135        1          1          3          0                0                2000             1000            
 1          68         203.81156        1          1          1          0                0                2000             1000            
 1          68         203.81156        1          1          2          5.1906923        5.1906923        2000             1000            
 1          68         203.81156        1          1          3          0                0                2000             1000            
 1          69         214.38528        1          1          1          0                0                2000             1000            
 1          69         214.38528        1          1          2          5.3192947        5.3192947        2000             1000            
 1          69         214.38528        1          1          3          0                0                2000             1000            
 1          70         225.48768        1          1          1          0                0                2000             1000            
 1          70         225.48768        1          1          2          5.4503206        5.4503206        2000             1000            
 1          70         225.48768        1          1          3          0                0                2000             1000            
 1          71         237.1452         1          1          1          0                0                2000             1000            
 1          71         237.1452         1          1          2          5.583703         5.583703         2000             1000            
 1          71         237.1452         1          1          3          0                0                2000             1000            
 1          72         249.3856         1          1          1          0                0                2000             1000            
 1          72         249.3856         1          1          2          5.719355         5.719355         2000             1000            
 1          72         249.3856         1          1          3          0                0                2000             1000            
 1          73         262.23802        1          1          1          0                0                2000             1000            
 1          73         262.23802        1          1          2          5.8571685        5.8571685        2000             1000            
 1          73         262.23802        1          1          3          0                0                2000             1000            
 1          74         275.73305        1          1          1          0                0                2000             1000            
 1          74         275.73305        1          1          2          5.9970131        5.9970131        2000             1000            
 1          74         275.73305        1          1          3          0                0                2000             1000            
 1          75         289.90284        1          1          1          0                0                2000             1000            
 1          75         289.90284        1          1          2          6.1387348        6.1387348        2000             1000            
 1          75         289.90284        1          1          3          0                0                2000             1000            
 1          76         304.78113        1          1          1          0                0                2000             1000            
 1          76         304.78113        1          1          2          6.282156         6.282156         2000             1000            
 1          76         304.78113        1          1          3          0                0                2000             1000            
 1          77         320.40332        1          1          1          0                0                2000             1000            
 1          77         320.40332        1          1          2          6.4270744        6.4270744        2000             1000            
 1          77         320.40332        1          1          3          0                0                2000             1000            
 1          78         336.80662        1          1          1          0                0                2000             1000            
 1          78         336.80662        1          1          2          6.5732638        6.5732638        2000             1000            
 1          78         336.80662        1          1          3          0                0                2000             1000            
 1          79         354.03009        1          1          1          0                0                2000             1000            
 1          79         354.03009        1          1          2          6.7204735        6.7204735        2000             1000            
 1          79         354.03009        1          1          3          0                0                2000             1000            
 1          80         372.11474        1          1          1          0                0                2000             1000            
 1          80         372.11474        1          1          2          6.8684296        6.8684296        2000             1000            
 1          80         372.11474        1          1          3          0                0                2000             1000            
 1          81         391.10361        1          1          1          0                0                2000             1000            
 1          81         391.10361        1          1          2          7.0168356        7.0168356        2000             1000            
 1          81         391.10361        1          1          3          0                0                2000             1000            
 1          82         411.04193        1          1          1          0                0                2000             1000            
 1          82         411.04193        1          1          2          7.1653737        7.1653737        2000             1000            
 1          82         411.04193        1          1          3          0                0                2000             1000            
 1          83         431.97716        1          1          1          0                0                2000             1000            
 1          83         431.97716        1          1          2          7.3137068        7.3137068        2000             1000            
 1          83         431.97716        1          1          3          0                0                2000             1000            
 1          84         453.95916        1          1          1          0                0                2000             1000            
 1          84         453.95916        1          1          2          7.4614803        7.4614803        2000             1000            
 1          84         453.95916        1          1          3          0                0                2000             1000            
 1          85         477.04026        1          1          1          0                0                2000             1000            
 1          85         477.04026        1          1          2          7.6083244        7.6083244        2000             1000            
 1          85         477.04026        1          1          3          0                0                2000             1000            
 1          86         501.27541        1          1          1          0                0                2000             1000            
 1          86         501.27541        1          1          2          7.753857         7.753857         2000             1000            
 1          86         501.27541        1          1          3          0                0                2000             1000            
 1          87         526.72232        1          1          1          0                0                2000             1000            
 1          87         526.72232        1          1          2          7.8976868        7.8976868        2000             1000            
 1          87         526.72232        1          1          3          0                0                2000             1000            
 1          88         553.44157        1          1          1          0                0                2000             1000            
 1          88         553.44157        1          1          2          8.0394168        8.0394168        2000             1000            
 1          88         553.44157        1          1          3          0                0                2000             1000            
 1          89         581.49679        1          1          1          0                0                2000             1000            
 1          89         581.49679        1          1          2          8.1786477        8.1786477        2000             1000            
 1          89         581.49679        1          1          3          0                0                2000             1000            
 1          90         610.95476        1          1          1          0                0                2000             1000            
 1          90         610.95476        1          1          2          8.3149825        8.3149825        2000             1000            
 1          90         610.95476        1          1          3          0                0                2000             1000            
 1          91         641.88564        1          1          1          0                0                2000             1000            
 1          91         641.88564        1          1          2          8.44803          8.44803          2000             1000            
 1          91         641.88564        1          1          3          0                0                2000             1000            
 1          92         674.36306        1          1          1          0                0                2000             1000            
 1          92         674.36306        1          1          2          8.5774101        8.5774101        2000             1000            
 1          92         674.36306        1          1          3          0                0                2000             1000            
 1          93         708.46435        1          1          1          0                0                2000             1000            
 1          93         708.46435        1          1          2          8.7027577        8.7027577        2000             1000            
 1          93         708.46435        1          1          3          0                0                2000             1000            
 1          94         744.27071        1          1          1          0                0                2000             1000            
 1          94         744.27071        1          1          2          8.8237277        8.8237277        2000             1000            
 1          94         744.27071        1          1          3          0                0                2000             1000            
 1          95         781.86738        1          1          1          0                0                2000             1000            
 1          95         781.86738        1          1          2          8.9399997        8.9399997        2000             1000            
 1          95         781.86738        1          1          3          0                0                2000             1000            
 1          96         821.34389        1          1          1          0                0                2000             1000            
 1          96         821.34389        1          1          2          9.0512822        9.0512822        2000             1000            
 1          96         821.34389        1          1          3          0                0                2000             1000            
 1          97         862.79422        1          1          1          0                0                2000             1000            
 1          97         862.79422        1          1          2          9.1573171        9.1573171        2000             1000            
 1          97         862.79422        1          1          3          0                0                2000             1000            
 1          98         906.31707        1          1          1          0                0                2000             1000            
 1          98         906.31707        1          1          2          9.2578839        9.2578839        2000             1000            
 1          98         906.31707        1          1          3          0                0                2000             1000            
 1          99         952.01606        1          1          1          0                0                2000             1000            
 1          99         952.01606        1          1          2          9.3528028        9.3528028        2000             1000            
 1          99         952.01606        1          1          3          0                0                2000             1000            
 1          100        1000             1          1          1          0                0                2000             1000            
 1          100        1000             1          1          2          9.4419378        9.4419378        2000             1000            
 1          100        1000             1          1          3          0                0                2000             1000            
