 IPER  ISTEP           DLEN           ILYR    IROW   ICOL            XCORD               YCORD                      FlowX                    FlowY                   FlowZ
 1          1          0.38313807       1          1          1          0.50000000       -0.50000000      -1.45199351e-03  0.00000000e+00   0.00000000e+00  
 1          1          0.38313807       1          1          2          1.50000000       -0.50000000      1.45199351e-03   0.00000000e+00   0.00000000e+00  
 1          1          0.38313807       1          1          3          2.50000000       -0.50000000      0.00000000e+00   0.00000000e+00   0.00000000e+00  
 1          2          0.40229497       1          1          1          0.50000000       -0.50000000      -1.52027726e-03  0.00000000e+00   0.00000000e+00  
 1          2          0.40229497       1          1          2          1.50000000       -0.50000000      1.52027726e-03   0.00000000e+00   0.00000000e+00  
 1          2          0.40229497       1          1          3          2.50000000       -0.50000000      0.00000000e+00   0.00000000e+00   0.00000000e+00  
 1          3          0.42240972       1          1          1          0.50000000       -0.50000000      -1.59155373e-03  0.00000000e+00   0.00000000e+00  
 1          3          0.42240972       1          1          2          1.50000000       -0.50000000      1.59155373e-03   0.00000000e+00   0.00000000e+00  
 1          3          0.42240972       1          1          3          2.50000000       -0.50000000      0.00000000e+00   0.00000000e+00   0.00000000e+00  
 1          4          0.44353021       1          1          1          0.50000000       -0.50000000      -1.66593255e-03  0.00000000e+00   0.00000000e+00  
 1          4          0.44353021       1          1          2          1.50000000       -0.50000000      1.66593255e-03   0.00000000e+00   0.00000000e+00  
 1          4          0.44353021       1          1          3          2.50000000       -0.50000000      0.00000000e+00   0.00000000e+00   0.00000000e+00  
 1          5          0.46570672       1          1          1          0.50000000       -0.50000000      -1.74352518e-03  0.00000000e+00   0.00000000e+00  
 1          5          0.46570672       1          1          2          1.50000000       -0.50000000      1.74352518e-03   0.00000000e+00   0.00000000e+00  
 1          5          0.46570672       1          1          3          2.50000000       -0.50000000      0.00000000e+00   0.00000000e+00   0.00000000e+00  
 1          6          0.48899205       1          1          1          0.50000000       -0.50000000      -1.82444474e-03  0.00000000e+00   0.00000000e+00  
 1          6          0.48899205       1          1          2          1.50000000       -0.50000000      1.82444474e-03   0.00000000e+00   0.00000000e+00  
 1          6          0.48899205       1          1          3          2.50000000       -0.50000000      0.00000000e+00   0.00000000e+00   0.00000000e+00  
 1          7          0.51344166       1          1          1          0.50000000       -0.50000000      -1.90880573e-03  0.00000000e+00   0.00000000e+00  
 1          7          0.51344166       1          1          2          1.50000000       -0.50000000      1.90880573e-03   0.00000000e+00   0.00000000e+00  
 1          7          0.51344166       1          1          3          2.50000000       -0.50000000      0.00000000e+00   0.00000000e+00   0.00000000e+00  
 1          8          0.53911374       1          1          1          0.50000000       -0.50000000      -1.99672381e-03  0.00000000e+00   0.00000000e+00  
 1          8          0.53911374       1          1          2          1.50000000       -0.50000000      1.99672381e-03   0.00000000e+00   0.00000000e+00  
 1          8          0.53911374       1          1          3          2.50000000       -0.50000000      0.00000000e+00   0.00000000e+00   0.00000000e+00  
 1          9          0.56606943       1          1          1          0.50000000       -0.50000000      -2.08831543e-03  0.00000000e+00   0.00000000e+00  
 1          9          0.56606943       1          1          2          1.50000000       -0.50000000      2.08831543e-03   0.00000000e+00   0.00000000e+00  
 1          9          0.56606943       1          1          3          2.50000000       -0.50000000      0.00000000e+00   0.00000000e+00   0.00000000e+00  
 1          10         0.59437290       1          1          1          0.50000000       -0.50000000      -2.18369752e-03  0.00000000e+00   0.00000000e+00  
 1          10         0.59437290       1          1          2          1.50000000       -0.50000000      2.18369752e-03   0.00000000e+00   0.00000000e+00  
 1          10         0.59437290       1          1          3          2.50000000       -0.50000000      0.00000000e+00   0.00000000e+00   0.00000000e+00  
 1          11         0.62409154       1          1          1          0.50000000       -0.50000000      -2.28298708e-03  0.00000000e+00   0.00000000e+00  
 1          11         0.62409154       1          1          2          1.50000000       -0.50000000      2.28298708e-03   0.00000000e+00   0.00000000e+00  
 1          11         0.62409154       1          1          3          2.50000000       -0.50000000      0.00000000e+00   0.00000000e+00   0.00000000e+00  
 1          12         0.65529612       1          1          1          0.50000000       -0.50000000      -2.38630077e-03  0.00000000e+00   0.00000000e+00  
 1          12         0.65529612       1          1          2          1.50000000       -0.50000000      2.38630077e-03   0.00000000e+00   0.00000000e+00  
 1          12         0.65529612       1          1          3          2.50000000       -0.50000000      0.00000000e+00   0.00000000e+00   0.00000000e+00  
 1          13         0.68806093       1          1          1          0.50000000       -0.50000000      -2.49375438e-03  0.00000000e+00   0.00000000e+00  
 1          13         0.68806093       1          1          2          1.50000000       -0.50000000      2.49375438e-03   0.00000000e+00   0.00000000e+00  
 1          13         0.68806093       1          1          3          2.50000000       -0.50000000      0.00000000e+00   0.00000000e+00   0.00000000e+00  
 1          14         0.72246397       1          1          1          0.50000000       -0.50000000      -2.60546236e-03  0.00000000e+00   0.00000000e+00  
 1          14         0.72246397       1          1          2          1.50000000       -0.50000000      2.60546236e-03   0.00000000e+00   0.00000000e+00  
 1          14         0.72246397       1          1          3          2.50000000       -0.50000000      0.00000000e+00   0.00000000e+00   0.00000000e+00  
 1          15         0.75858717       1          1          1          0.50000000       -0.50000000      -2.72153719e-03  0.00000000e+00   0.00000000e+00  
 1          15         0.75858717       1          1          2          1.50000000       -0.50000000      2.72153719e-03   0.00000000e+00   0.00000000e+00  
 1          15         0.75858717       1          1          3          2.50000000       -0.50000000      0.00000000e+00   0.00000000e+00   0.00000000e+00  
 1          16         0.79651653       1          1          1          0.50000000       -0.50000000      -2.84208879e-03  0.00000000e+00   0.00000000e+00  
 1          16         0.79651653       1          1          2          1.50000000       -0.50000000      2.84208879e-03   0.00000000e+00   0.00000000e+00  
 1          16         0.79651653       1          1          3          2.50000000       -0.50000000      0.00000000e+00   0.00000000e+00   0.00000000e+00  
 1          17         0.83634236       1          1          1          0.50000000       -0.50000000      -2.96722383e-03  0.00000000e+00   0.00000000e+00  
 1          17         0.83634236       1          1          2          1.50000000       -0.50000000      2.96722383e-03   0.00000000e+00   0.00000000e+00  
 1          17         0.83634236       1          1          3          2.50000000       -0.50000000      0.00000000e+00   0.00000000e+00   0.00000000e+00  
 1          18         0.87815947       1          1          1          0.50000000       -0.50000000      -3.09704496e-03  0.00000000e+00   0.00000000e+00  
 1          18         0.87815947       1          1          2          1.50000000       -0.50000000      3.09704496e-03   0.00000000e+00   0.00000000e+00  
 1          18         0.87815947       1          1          3          2.50000000       -0.50000000      0.00000000e+00   0.00000000e+00   0.00000000e+00  
 1          19         0.92206745       1          1          1          0.50000000       -0.50000000      -3.23165006e-03  0.00000000e+00   0.00000000e+00  
 1          19         0.92206745       1          1          2          1.50000000       -0.50000000      3.23165006e-03   0.00000000e+00   0.00000000e+00  
 1          19         0.92206745       1          1          3          2.50000000       -0.50000000      0.00000000e+00   0.00000000e+00   0.00000000e+00  
 1          20         0.96817082       1          1          1          0.50000000       -0.50000000      -3.37113139e-03  0.00000000e+00   0.00000000e+00  
 1          20         0.96817082       1          1          2          1.50000000       -0.50000000      3.37113139e-03   0.00000000e+00   0.00000000e+00  
 1          20         0.96817082       1          1          3          2.50000000       -0.50000000      0.00000000e+00   0.00000000e+00   0.00000000e+00  
 1          21         1.01657936       1          1          1          0.50000000       -0.50000000      -3.51557468e-03  0.00000000e+00   0.00000000e+00  
 1          21         1.01657936       1          1          2          1.50000000       -0.50000000      3.51557468e-03   0.00000000e+00   0.00000000e+00  
 1          21         1.01657936       1          1          3          2.50000000       -0.50000000      0.00000000e+00   0.00000000e+00   0.00000000e+00  
 1          22         1.06740833       1          1          1          0.50000000       -0.50000000      -3.66505821e-03  0.00000000e+00   0.00000000e+00  
 1          22         1.06740833       1          1          2          1.50000000       -0.50000000      3.66505821e-03   0.00000000e+00   0.00000000e+00  
 1          22         1.06740833       1          1          3          2.50000000       -0.50000000      0.00000000e+00   0.00000000e+00   0.00000000e+00  
 1          23         1.12077875       1          1          1          0.50000000       -0.50000000      -3.81965179e-03  0.00000000e+00   0.00000000e+00  
 1          23         1.12077875       1          1          2          1.50000000       -0.50000000      3.81965179e-03   0.00000000e+00   0.00000000e+00  
 1          23         1.12077875       1          1          3          2.50000000       -0.50000000      0.00000000e+00   0.00000000e+00   0.00000000e+00  
 1          24         1.17681768       1          1          1          0.50000000       -0.50000000      -3.97941574e-03  0.00000000e+00   0.00000000e+00  
 1          24         1.17681768       1          1          2          1.50000000       -0.50000000      3.97941574e-03   0.00000000e+00   0.00000000e+00  
 1          24         1.17681768       1          1          3          2.50000000       -0.50000000      0.00000000e+00   0.00000000e+00   0.00000000e+00  
 1          25         1.23565857       1          1          1          0.50000000       -0.50000000      -4.14439983e-03  0.00000000e+00   0.00000000e+00  
 1          25         1.23565857       1          1          2          1.50000000       -0.50000000      4.14439983e-03   0.00000000e+00   0.00000000e+00  
 1          25         1.23565857       1          1          3          2.50000000       -0.50000000      0.00000000e+00   0.00000000e+00   0.00000000e+00  
 1          26         1.29744149       1          1          1          0.50000000       -0.50000000      -4.31464216e-03  0.00000000e+00   0.00000000e+00  
 1          26         1.29744149       1          1          2          1.50000000       -0.50000000      4.31464216e-03   0.00000000e+00   0.00000000e+00  
 1          26         1.29744149       1          1          3          2.50000000       -0.50000000      0.00000000e+00   0.00000000e+00   0.00000000e+00  
 1          27         1.36231357       1          1          1          0.50000000       -0.50000000      -4.49016806e-03  0.00000000e+00   0.00000000e+00  
 1          27         1.36231357       1          1          2          1.50000000       -0.50000000      4.49016806e-03   0.00000000e+00   0.00000000e+00  
 1          27         1.36231357       1          1          3          2.50000000       -0.50000000      0.00000000e+00   0.00000000e+00   0.00000000e+00  
 1          28         1.43042925       1          1          1          0.50000000       -0.50000000      -4.67098895e-03  0.00000000e+00   0.00000000e+00  
 1          28         1.43042925       1          1          2          1.50000000       -0.50000000      4.67098895e-03   0.00000000e+00   0.00000000e+00  
 1          28         1.43042925       1          1          3          2.50000000       -0.50000000      0.00000000e+00   0.00000000e+00   0.00000000e+00  
 1          29         1.50195071       1          1          1          0.50000000       -0.50000000      -4.85710120e-03  0.00000000e+00   0.00000000e+00  
 1          29         1.50195071       1          1          2          1.50000000       -0.50000000      4.85710120e-03   0.00000000e+00   0.00000000e+00  
 1          29         1.50195071       1          1          3          2.50000000       -0.50000000      0.00000000e+00   0.00000000e+00   0.00000000e+00  
 1          30         1.57704825       1          1          1          0.50000000       -0.50000000      -5.04848506e-03  0.00000000e+00   0.00000000e+00  
 1          30         1.57704825       1          1          2          1.50000000       -0.50000000      5.04848506e-03   0.00000000e+00   0.00000000e+00  
 1          30         1.57704825       1          1          3          2.50000000       -0.50000000      0.00000000e+00   0.00000000e+00   0.00000000e+00  
 1          31         1.65590066       1          1          1          0.50000000       -0.50000000      -5.24510356e-03  0.00000000e+00   0.00000000e+00  
 1          31         1.65590066       1          1          2          1.50000000       -0.50000000      5.24510356e-03   0.00000000e+00   0.00000000e+00  
 1          31         1.65590066       1          1          3          2.50000000       -0.50000000      0.00000000e+00   0.00000000e+00   0.00000000e+00  
 1          32         1.73869569       1          1          1          0.50000000       -0.50000000      -5.44690149e-03  0.00000000e+00   0.00000000e+00  
 1          32         1.73869569       1          1          2          1.50000000       -0.50000000      5.44690149e-03   0.00000000e+00   0.00000000e+00  
 1          32         1.73869569       1          1          3          2.50000000       -0.50000000      0.00000000e+00   0.00000000e+00   0.00000000e+00  
 1          33         1.82563048       1          1          1          0.50000000       -0.50000000      -5.65380447e-03  0.00000000e+00   0.00000000e+00  
 1          33         1.82563048       1          1          2          1.50000000       -0.50000000      5.65380447e-03   0.00000000e+00   0.00000000e+00  
 1          33         1.82563048       1          1          3          2.50000000       -0.50000000      0.00000000e+00   0.00000000e+00   0.00000000e+00  
 1          34         1.91691200       1          1          1          0.50000000       -0.50000000      -5.86571814e-03  0.00000000e+00   0.00000000e+00  
 1          34         1.91691200       1          1          2          1.50000000       -0.50000000      5.86571814e-03   0.00000000e+00   0.00000000e+00  
 1          34         1.91691200       1          1          3          2.50000000       -0.50000000      0.00000000e+00   0.00000000e+00   0.00000000e+00  
 1          35         2.01275760       1          1          1          0.50000000       -0.50000000      -6.08252741e-03  0.00000000e+00   0.00000000e+00  
 1          35         2.01275760       1          1          2          1.50000000       -0.50000000      6.08252741e-03   0.00000000e+00   0.00000000e+00  
 1          35         2.01275760       1          1          3          2.50000000       -0.50000000      0.00000000e+00   0.00000000e+00   0.00000000e+00  
 1          36         2.11339548       1          1          1          0.50000000       -0.50000000      -6.30409594e-03  0.00000000e+00   0.00000000e+00  
 1          36         2.11339548       1          1          2          1.50000000       -0.50000000      6.30409594e-03   0.00000000e+00   0.00000000e+00  
 1          36         2.11339548       1          1          3          2.50000000       -0.50000000      0.00000000e+00   0.00000000e+00   0.00000000e+00  
 1          37         2.21906525       1          1          1          0.50000000       -0.50000000      -6.53026578e-03  0.00000000e+00   0.00000000e+00  
 1          37         2.21906525       1          1          2          1.50000000       -0.50000000      6.53026578e-03   0.00000000e+00   0.00000000e+00  
 1          37         2.21906525       1          1          3          2.50000000       -0.50000000      0.00000000e+00   0.00000000e+00   0.00000000e+00  
 1          38         2.33001852       1          1          1          0.50000000       -0.50000000      -6.76085725e-03  0.00000000e+00   0.00000000e+00  
 1          38         2.33001852       1          1          2          1.50000000       -0.50000000      6.76085725e-03   0.00000000e+00   0.00000000e+00  
 1          38         2.33001852       1          1          3          2.50000000       -0.50000000      0.00000000e+00   0.00000000e+00   0.00000000e+00  
 1          39         2.44651944       1          1          1          0.50000000       -0.50000000      -6.99566908e-03  0.00000000e+00   0.00000000e+00  
 1          39         2.44651944       1          1          2          1.50000000       -0.50000000      6.99566908e-03   0.00000000e+00   0.00000000e+00  
 1          39         2.44651944       1          1          3          2.50000000       -0.50000000      0.00000000e+00   0.00000000e+00   0.00000000e+00  
 1          40         2.56884541       1          1          1          0.50000000       -0.50000000      -7.23447881e-03  0.00000000e+00   0.00000000e+00  
 1          40         2.56884541       1          1          2          1.50000000       -0.50000000      7.23447881e-03   0.00000000e+00   0.00000000e+00  
 1          40         2.56884541       1          1          3          2.50000000       -0.50000000      0.00000000e+00   0.00000000e+00   0.00000000e+00  
 1          41         2.69728768       1          1          1          0.50000000       -0.50000000      -7.47704356e-03  0.00000000e+00   0.00000000e+00  
 1          41         2.69728768       1          1          2          1.50000000       -0.50000000      7.47704356e-03   0.00000000e+00   0.00000000e+00  
 1          41         2.69728768       1          1          3          2.50000000       -0.50000000      0.00000000e+00   0.00000000e+00   0.00000000e+00  
 1          42         2.83215207       1          1          1          0.50000000       -0.50000000      -7.72310121e-03  0.00000000e+00   0.00000000e+00  
 1          42         2.83215207       1          1          2          1.50000000       -0.50000000      7.72310121e-03   0.00000000e+00   0.00000000e+00  
 1          42         2.83215207       1          1          3          2.50000000       -0.50000000      0.00000000e+00   0.00000000e+00   0.00000000e+00  
 1          43         2.97375967       1          1          1          0.50000000       -0.50000000      -7.97237187e-03  0.00000000e+00   0.00000000e+00  
 1          43         2.97375967       1          1          2          1.50000000       -0.50000000      7.97237187e-03   0.00000000e+00   0.00000000e+00  
 1          43         2.97375967       1          1          3          2.50000000       -0.50000000      0.00000000e+00   0.00000000e+00   0.00000000e+00  
 1          44         3.12244766       1          1          1          0.50000000       -0.50000000      -8.22455987e-03  0.00000000e+00   0.00000000e+00  
 1          44         3.12244766       1          1          2          1.50000000       -0.50000000      8.22455987e-03   0.00000000e+00   0.00000000e+00  
 1          44         3.12244766       1          1          3          2.50000000       -0.50000000      0.00000000e+00   0.00000000e+00   0.00000000e+00  
 1          45         3.27857004       1          1          1          0.50000000       -0.50000000      -8.47935620e-03  0.00000000e+00   0.00000000e+00  
 1          45         3.27857004       1          1          2          1.50000000       -0.50000000      8.47935620e-03   0.00000000e+00   0.00000000e+00  
 1          45         3.27857004       1          1          3          2.50000000       -0.50000000      0.00000000e+00   0.00000000e+00   0.00000000e+00  
 1          46         3.44249854       1          1          1          0.50000000       -0.50000000      -8.73644143e-03  0.00000000e+00   0.00000000e+00  
 1          46         3.44249854       1          1          2          1.50000000       -0.50000000      8.73644143e-03   0.00000000e+00   0.00000000e+00  
 1          46         3.44249854       1          1          3          2.50000000       -0.50000000      0.00000000e+00   0.00000000e+00   0.00000000e+00  
 1          47         3.61462347       1          1          1          0.50000000       -0.50000000      -8.99548905e-03  0.00000000e+00   0.00000000e+00  
 1          47         3.61462347       1          1          2          1.50000000       -0.50000000      8.99548905e-03   0.00000000e+00   0.00000000e+00  
 1          47         3.61462347       1          1          3          2.50000000       -0.50000000      0.00000000e+00   0.00000000e+00   0.00000000e+00  
 1          48         3.79535464       1          1          1          0.50000000       -0.50000000      -9.25616946e-03  0.00000000e+00   0.00000000e+00  
 1          48         3.79535464       1          1          2          1.50000000       -0.50000000      9.25616946e-03   0.00000000e+00   0.00000000e+00  
 1          48         3.79535464       1          1          3          2.50000000       -0.50000000      0.00000000e+00   0.00000000e+00   0.00000000e+00  
 1          49         3.98512237       1          1          1          0.50000000       -0.50000000      -9.51815428e-03  0.00000000e+00   0.00000000e+00  
 1          49         3.98512237       1          1          2          1.50000000       -0.50000000      9.51815428e-03   0.00000000e+00   0.00000000e+00  
 1          49         3.98512237       1          1          3          2.50000000       -0.50000000      0.00000000e+00   0.00000000e+00   0.00000000e+00  
 1          50         4.18437849       1          1          1          0.50000000       -0.50000000      -9.78112125e-03  0.00000000e+00   0.00000000e+00  
 1          50         4.18437849       1          1          2          1.50000000       -0.50000000      9.78112125e-03   0.00000000e+00   0.00000000e+00  
 1          50         4.18437849       1          1          3          2.50000000       -0.50000000      0.00000000e+00   0.00000000e+00   0.00000000e+00  
 1          51         4.39359742       1          1          1          0.50000000       -0.50000000      -1.00447595e-02  0.00000000e+00   0.00000000e+00  
 1          51         4.39359742       1          1          2          1.50000000       -0.50000000      1.00447595e-02   0.00000000e+00   0.00000000e+00  
 1          51         4.39359742       1          1          3          2.50000000       -0.50000000      0.00000000e+00   0.00000000e+00   0.00000000e+00  
 1          52         4.61327729       1          1          1          0.50000000       -0.50000000      -1.03087754e-02  0.00000000e+00   0.00000000e+00  
 1          52         4.61327729       1          1          2          1.50000000       -0.50000000      1.03087754e-02   0.00000000e+00   0.00000000e+00  
 1          52         4.61327729       1          1          3          2.50000000       -0.50000000      0.00000000e+00   0.00000000e+00   0.00000000e+00  
 1          53         4.84394115       1          1          1          0.50000000       -0.50000000      -1.05728980e-02  0.00000000e+00   0.00000000e+00  
 1          53         4.84394115       1          1          2          1.50000000       -0.50000000      1.05728980e-02   0.00000000e+00   0.00000000e+00  
 1          53         4.84394115       1          1          3          2.50000000       -0.50000000      0.00000000e+00   0.00000000e+00   0.00000000e+00  
 1          54         5.08613821       1          1          1          0.50000000       -0.50000000      -1.08368861e-02  0.00000000e+00   0.00000000e+00  
 1          54         5.08613821       1          1          2          1.50000000       -0.50000000      1.08368861e-02   0.00000000e+00   0.00000000e+00  
 1          54         5.08613821       1          1          3          2.50000000       -0.50000000      0.00000000e+00   0.00000000e+00   0.00000000e+00  
 1          55         5.34044512       1          1          1          0.50000000       -0.50000000      -1.11005339e-02  0.00000000e+00   0.00000000e+00  
 1          55         5.34044512       1          1          2          1.50000000       -0.50000000      1.11005339e-02   0.00000000e+00   0.00000000e+00  
 1          55         5.34044512       1          1          3          2.50000000       -0.50000000      0.00000000e+00   0.00000000e+00   0.00000000e+00  
 1          56         5.60746738       1          1          1          0.50000000       -0.50000000      -1.13636774e-02  0.00000000e+00   0.00000000e+00  
 1          56         5.60746738       1          1          2          1.50000000       -0.50000000      1.13636774e-02   0.00000000e+00   0.00000000e+00  
 1          56         5.60746738       1          1          3          2.50000000       -0.50000000      0.00000000e+00   0.00000000e+00   0.00000000e+00  
 1          57         5.88784074       1          1          1          0.50000000       -0.50000000      -1.16262009e-02  0.00000000e+00   0.00000000e+00  
 1          57         5.88784074       1          1          2          1.50000000       -0.50000000      1.16262009e-02   0.00000000e+00   0.00000000e+00  
 1          57         5.88784074       1          1          3          2.50000000       -0.50000000      0.00000000e+00   0.00000000e+00   0.00000000e+00  
 1          58         6.18223278       1          1          1          0.50000000       -0.50000000      -1.18880427e-02  0.00000000e+00   0.00000000e+00  
 1          58         6.18223278       1          1          2          1.50000000       -0.50000000      1.18880427e-02   0.00000000e+00   0.00000000e+00  
 1          58         6.18223278       1          1          3          2.50000000       -0.50000000      0.00000000e+00   0.00000000e+00   0.00000000e+00  
 1          59         6.49134442       1          1          1          0.50000000       -0.50000000      -1.21492001e-02  0.00000000e+00   0.00000000e+00  
 1          59         6.49134442       1          1          2          1.50000000       -0.50000000      1.21492001e-02   0.00000000e+00   0.00000000e+00  
 1          59         6.49134442       1          1          3          2.50000000       -0.50000000      0.00000000e+00   0.00000000e+00   0.00000000e+00  
 1          60         6.81591164       1          1          1          0.50000000       -0.50000000      -1.24097348e-02  0.00000000e+00   0.00000000e+00  
 1          60         6.81591164       1          1          2          1.50000000       -0.50000000      1.24097348e-02   0.00000000e+00   0.00000000e+00  
 1          60         6.81591164       1          1          3          2.50000000       -0.50000000      0.00000000e+00   0.00000000e+00   0.00000000e+00  
 1          61         7.15670722       1          1          1          0.50000000       -0.50000000      -1.26697764e-02  0.00000000e+00   0.00000000e+00  
 1          61         7.15670722       1          1          2          1.50000000       -0.50000000      1.26697764e-02   0.00000000e+00   0.00000000e+00  
 1          61         7.15670722       1          1          3          2.50000000       -0.50000000      0.00000000e+00   0.00000000e+00   0.00000000e+00  
 1          62         7.51454258       1          1          1          0.50000000       -0.50000000      -1.29295250e-02  0.00000000e+00   0.00000000e+00  
 1          62         7.51454258       1          1          2          1.50000000       -0.50000000      1.29295250e-02   0.00000000e+00   0.00000000e+00  
 1          62         7.51454258       1          1          3          2.50000000       -0.50000000      0.00000000e+00   0.00000000e+00   0.00000000e+00  
 1          63         7.89026971       1          1          1          0.50000000       -0.50000000      -1.31892536e-02  0.00000000e+00   0.00000000e+00  
 1          63         7.89026971       1          1          2          1.50000000       -0.50000000      1.31892536e-02   0.00000000e+00   0.00000000e+00  
 1          63         7.89026971       1          1          3          2.50000000       -0.50000000      0.00000000e+00   0.00000000e+00   0.00000000e+00  
 1          64         8.28478320       1          1          1          0.50000000       -0.50000000      -1.34493077e-02  0.00000000e+00   0.00000000e+00  
 1          64         8.28478320       1          1          2          1.50000000       -0.50000000      1.34493077e-02   0.00000000e+00   0.00000000e+00  
 1          64         8.28478320       1          1          3          2.50000000       -0.50000000      0.00000000e+00   0.00000000e+00   0.00000000e+00  
 1          65         8.69902236       1          1          1          0.50000000       -0.50000000      -1.37101048e-02  0.00000000e+00   0.00000000e+00  
 1          65         8.69902236       1          1          2          1.50000000       -0.50000000      1.37101048e-02   0.00000000e+00   0.00000000e+00  
 1          65         8.69902236       1          1          3          2.50000000       -0.50000000      0.00000000e+00   0.00000000e+00   0.00000000e+00  
 1          66         9.13397348       1          1          1          0.50000000       -0.50000000      -1.39721314e-02  0.00000000e+00   0.00000000e+00  
 1          66         9.13397348       1          1          2          1.50000000       -0.50000000      1.39721314e-02   0.00000000e+00   0.00000000e+00  
 1          66         9.13397348       1          1          3          2.50000000       -0.50000000      0.00000000e+00   0.00000000e+00   0.00000000e+00  
 1          67         9.59067215       1          1          1          0.50000000       -0.50000000      -1.42359392e-02  0.00000000e+00   0.00000000e+00  
 1          67         9.59067215       1          1          2          1.50000000       -0.50000000      1.42359392e-02   0.00000000e+00   0.00000000e+00  
 1          67         9.59067215       1          1          3          2.50000000       -0.50000000      0.00000000e+00   0.00000000e+00   0.00000000e+00  
 1          68         10.07020576      1          1          1          0.50000000       -0.50000000      -1.45021393e-02  0.00000000e+00   0.00000000e+00  
 1          68         10.07020576      1          1          2          1.50000000       -0.50000000      1.45021393e-02   0.00000000e+00   0.00000000e+00  
 1          68         10.07020576      1          1          3          2.50000000       -0.50000000      0.00000000e+00   0.00000000e+00   0.00000000e+00  
 1          69         10.57371605      1          1          1          0.50000000       -0.50000000      -1.47713951e-02  0.00000000e+00   0.00000000e+00  
 1          69         10.57371605      1          1          2          1.50000000       -0.50000000      1.47713951e-02   0.00000000e+00   0.00000000e+00  
 1          69         10.57371605      1          1          3          2.50000000       -0.50000000      0.00000000e+00   0.00000000e+00   0.00000000e+00  
 1          70         11.10240185      1          1          1          0.50000000       -0.50000000      -1.50444140e-02  0.00000000e+00   0.00000000e+00  
 1          70         11.10240185      1          1          2          1.50000000       -0.50000000      1.50444140e-02   0.00000000e+00   0.00000000e+00  
 1          70         11.10240185      1          1          3          2.50000000       -0.50000000      0.00000000e+00   0.00000000e+00   0.00000000e+00  
 1          71         11.65752194      1          1          1          0.50000000       -0.50000000      -1.53219375e-02  0.00000000e+00   0.00000000e+00  
 1          71         11.65752194      1          1          2          1.50000000       -0.50000000      1.53219375e-02   0.00000000e+00   0.00000000e+00  
 1          71         11.65752194      1          1          3          2.50000000       -0.50000000      0.00000000e+00   0.00000000e+00   0.00000000e+00  
 1          72         12.24039804      1          1          1          0.50000000       -0.50000000      -1.56047315e-02  0.00000000e+00   0.00000000e+00  
 1          72         12.24039804      1          1          2          1.50000000       -0.50000000      1.56047315e-02   0.00000000e+00   0.00000000e+00  
 1          72         12.24039804      1          1          3          2.50000000       -0.50000000      0.00000000e+00   0.00000000e+00   0.00000000e+00  
 1          73         12.85241794      1          1          1          0.50000000       -0.50000000      -1.58935747e-02  0.00000000e+00   0.00000000e+00  
 1          73         12.85241794      1          1          2          1.50000000       -0.50000000      1.58935747e-02   0.00000000e+00   0.00000000e+00  
 1          73         12.85241794      1          1          3          2.50000000       -0.50000000      0.00000000e+00   0.00000000e+00   0.00000000e+00  
 1          74         13.49503884      1          1          1          0.50000000       -0.50000000      -1.61892480e-02  0.00000000e+00   0.00000000e+00  
 1          74         13.49503884      1          1          2          1.50000000       -0.50000000      1.61892480e-02   0.00000000e+00   0.00000000e+00  
 1          74         13.49503884      1          1          3          2.50000000       -0.50000000      0.00000000e+00   0.00000000e+00   0.00000000e+00  
 1          75         14.16979078      1          1          1          0.50000000       -0.50000000      -1.64925231e-02  0.00000000e+00   0.00000000e+00  
 1          75         14.16979078      1          1          2          1.50000000       -0.50000000      1.64925231e-02   0.00000000e+00   0.00000000e+00  
 1          75         14.16979078      1          1          3          2.50000000       -0.50000000      0.00000000e+00   0.00000000e+00   0.00000000e+00  
 1          76         14.87828032      1          1          1          0.50000000       -0.50000000      -1.68041526e-02  0.00000000e+00   0.00000000e+00  
 1          76         14.87828032      1          1          2          1.50000000       -0.50000000      1.68041526e-02   0.00000000e+00   0.00000000e+00  
 1          76         14.87828032      1          1          3          2.50000000       -0.50000000      0.00000000e+00   0.00000000e+00   0.00000000e+00  
 1          77         15.62219433      1          1          1          0.50000000       -0.50000000      -1.71248601e-02  0.00000000e+00   0.00000000e+00  
 1          77         15.62219433      1          1          2          1.50000000       -0.50000000      1.71248601e-02   0.00000000e+00   0.00000000e+00  
 1          77         15.62219433      1          1          3          2.50000000       -0.50000000      0.00000000e+00   0.00000000e+00   0.00000000e+00  
 1          78         16.40330405      1          1          1          0.50000000       -0.50000000      -1.74553319e-02  0.00000000e+00   0.00000000e+00  
 1          78         16.40330405      1          1          2          1.50000000       -0.50000000      1.74553319e-02   0.00000000e+00   0.00000000e+00  
 1          78         16.40330405      1          1          3          2.50000000       -0.50000000      0.00000000e+00   0.00000000e+00   0.00000000e+00  
 1          79         17.22346925      1          1          1          0.50000000       -0.50000000      -1.77962107e-02  0.00000000e+00   0.00000000e+00  
 1          79         17.22346925      1          1          2          1.50000000       -0.50000000      1.77962107e-02   0.00000000e+00   0.00000000e+00  
 1          79         17.22346925      1          1          3          2.50000000       -0.50000000      0.00000000e+00   0.00000000e+00   0.00000000e+00  
 1          80         18.08464272      1          1          1          0.50000000       -0.50000000      -1.81480902e-02  0.00000000e+00   0.00000000e+00  
 1          80         18.08464272      1          1          2          1.50000000       -0.50000000      1.81480902e-02   0.00000000e+00   0.00000000e+00  
 1          80         18.08464272      1          1          3          2.50000000       -0.50000000      0.00000000e+00   0.00000000e+00   0.00000000e+00  
 1          81         18.98887485      1          1          1          0.50000000       -0.50000000      -1.85115122e-02  0.00000000e+00   0.00000000e+00  
 1          81         18.98887485      1          1          2          1.50000000       -0.50000000      1.85115122e-02   0.00000000e+00   0.00000000e+00  
 1          81         18.98887485      1          1          3          2.50000000       -0.50000000      0.00000000e+00   0.00000000e+00   0.00000000e+00  
 1          82         19.93831860      1          1          1          0.50000000       -0.50000000      -1.88869654e-02  0.00000000e+00   0.00000000e+00  
 1          82         19.93831860      1          1          2          1.50000000       -0.50000000      1.88869654e-02   0.00000000e+00   0.00000000e+00  
 1          82         19.93831860      1          1          3          2.50000000       -0.50000000      0.00000000e+00   0.00000000e+00   0.00000000e+00  
 1          83         20.93523452      1          1          1          0.50000000       -0.50000000      -1.92748864e-02  0.00000000e+00   0.00000000e+00  
 1          83         20.93523452      1          1          2          1.50000000       -0.50000000      1.92748864e-02   0.00000000e+00   0.00000000e+00  
 1          83         20.93523452      1          1          3          2.50000000       -0.50000000      0.00000000e+00   0.00000000e+00   0.00000000e+00  
 1          84         21.98199625      1          1          1          0.50000000       -0.50000000      -1.96756618e-02  0.00000000e+00   0.00000000e+00  
 1          84         21.98199625      1          1          2          1.50000000       -0.50000000      1.96756618e-02   0.00000000e+00   0.00000000e+00  
 1          84         21.98199625      1          1          3          2.50000000       -0.50000000      0.00000000e+00   0.00000000e+00   0.00000000e+00  
 1          85         23.08109606      1          1          1          0.50000000       -0.50000000      -2.00896325e-02  0.00000000e+00   0.00000000e+00  
 1          85         23.08109606      1          1          2          1.50000000       -0.50000000      2.00896325e-02   0.00000000e+00   0.00000000e+00  
 1          85         23.08109606      1          1          3          2.50000000       -0.50000000      0.00000000e+00   0.00000000e+00   0.00000000e+00  
 1          86         24.23515087      1          1          1          0.50000000       -0.50000000      -2.05170988e-02  0.00000000e+00   0.00000000e+00  
 1          86         24.23515087      1          1          2          1.50000000       -0.50000000      2.05170988e-02   0.00000000e+00   0.00000000e+00  
 1          86         24.23515087      1          1          3          2.50000000       -0.50000000      0.00000000e+00   0.00000000e+00   0.00000000e+00  
 1          87         25.44690841      1          1          1          0.50000000       -0.50000000      -2.09583271e-02  0.00000000e+00   0.00000000e+00  
 1          87         25.44690841      1          1          2          1.50000000       -0.50000000      2.09583271e-02   0.00000000e+00   0.00000000e+00  
 1          87         25.44690841      1          1          3          2.50000000       -0.50000000      0.00000000e+00   0.00000000e+00   0.00000000e+00  
 1          88         26.71925383      1          1          1          0.50000000       -0.50000000      -2.14135562e-02  0.00000000e+00   0.00000000e+00  
 1          88         26.71925383      1          1          2          1.50000000       -0.50000000      2.14135562e-02   0.00000000e+00   0.00000000e+00  
 1          88         26.71925383      1          1          3          2.50000000       -0.50000000      0.00000000e+00   0.00000000e+00   0.00000000e+00  
 1          89         28.05521652      1          1          1          0.50000000       -0.50000000      -2.18830045e-02  0.00000000e+00   0.00000000e+00  
 1          89         28.05521652      1          1          2          1.50000000       -0.50000000      2.18830045e-02   0.00000000e+00   0.00000000e+00  
 1          89         28.05521652      1          1          3          2.50000000       -0.50000000      0.00000000e+00   0.00000000e+00   0.00000000e+00  
 1          90         29.45797735      1          1          1          0.50000000       -0.50000000      -2.23668771e-02  0.00000000e+00   0.00000000e+00  
 1          90         29.45797735      1          1          2          1.50000000       -0.50000000      2.23668771e-02   0.00000000e+00   0.00000000e+00  
 1          90         29.45797735      1          1          3          2.50000000       -0.50000000      0.00000000e+00   0.00000000e+00   0.00000000e+00  
 1          91         30.93087622      1          1          1          0.50000000       -0.50000000      -2.28653723e-02  0.00000000e+00   0.00000000e+00  
 1          91         30.93087622      1          1          2          1.50000000       -0.50000000      2.28653723e-02   0.00000000e+00   0.00000000e+00  
 1          91         30.93087622      1          1          3          2.50000000       -0.50000000      0.00000000e+00   0.00000000e+00   0.00000000e+00  
 1          92         32.47742003      1          1          1          0.50000000       -0.50000000      -2.33786874e-02  0.00000000e+00   0.00000000e+00  
 1          92         32.47742003      1          1          2          1.50000000       -0.50000000      2.33786874e-02   0.00000000e+00   0.00000000e+00  
 1          92         32.47742003      1          1          3          2.50000000       -0.50000000      0.00000000e+00   0.00000000e+00   0.00000000e+00  
 1          93         34.10129103      1          1          1          0.50000000       -0.50000000      -2.39070242e-02  0.00000000e+00   0.00000000e+00  
 1          93         34.10129103      1          1          2          1.50000000       -0.50000000      2.39070242e-02   0.00000000e+00   0.00000000e+00  
 1          93         34.10129103      1          1          3          2.50000000       -0.50000000      0.00000000e+00   0.00000000e+00   0.00000000e+00  
 1          94         35.80635558      1          1          1          0.50000000       -0.50000000      -2.44505929e-02  0.00000000e+00   0.00000000e+00  
 1          94         35.80635558      1          1          2          1.50000000       -0.50000000      2.44505929e-02   0.00000000e+00   0.00000000e+00  
 1          94         35.80635558      1          1          3          2.50000000       -0.50000000      0.00000000e+00   0.00000000e+00   0.00000000e+00  
 1          95         37.59667336      1          1          1          0.50000000       -0.50000000      -2.50096158e-02  0.00000000e+00   0.00000000e+00  
 1          95         37.59667336      1          1          2          1.50000000       -0.50000000      2.50096158e-02   0.00000000e+00   0.00000000e+00  
 1          95         37.59667336      1          1          3          2.50000000       -0.50000000      0.00000000e+00   0.00000000e+00   0.00000000e+00  
 1          96         39.47650703      1          1          1          0.50000000       -0.50000000      -2.55843298e-02  0.00000000e+00   0.00000000e+00  
 1          96         39.47650703      1          1          2          1.50000000       -0.50000000      2.55843298e-02   0.00000000e+00   0.00000000e+00  
 1          96         39.47650703      1          1          3          2.50000000       -0.50000000      0.00000000e+00   0.00000000e+00   0.00000000e+00  
 1          97         41.45033238      1          1          1          0.50000000       -0.50000000      -2.61749881e-02  0.00000000e+00   0.00000000e+00  
 1          97         41.45033238      1          1          2          1.50000000       -0.50000000      2.61749881e-02   0.00000000e+00   0.00000000e+00  
 1          97         41.45033238      1          1          3          2.50000000       -0.50000000      0.00000000e+00   0.00000000e+00   0.00000000e+00  
 1          98         43.52284900      1          1          1          0.50000000       -0.50000000      -2.67818611e-02  0.00000000e+00   0.00000000e+00  
 1          98         43.52284900      1          1          2          1.50000000       -0.50000000      2.67818611e-02   0.00000000e+00   0.00000000e+00  
 1          98         43.52284900      1          1          3          2.50000000       -0.50000000      0.00000000e+00   0.00000000e+00   0.00000000e+00  
 1          99         45.69899145      1          1          1          0.50000000       -0.50000000      -2.74052373e-02  0.00000000e+00   0.00000000e+00  
 1          99         45.69899145      1          1          2          1.50000000       -0.50000000      2.74052373e-02   0.00000000e+00   0.00000000e+00  
 1          99         45.69899145      1          1          3          2.50000000       -0.50000000      0.00000000e+00   0.00000000e+00   0.00000000e+00  
 1          100        47.98394102      1          1          1          0.50000000       -0.50000000      -2.80454230e-02  0.00000000e+00   0.00000000e+00  
 1          100        47.98394102      1          1          2          1.50000000       -0.50000000      2.80454230e-02   0.00000000e+00   0.00000000e+00  
 1          100        47.98394102      1          1          3          2.50000000       -0.50000000      0.00000000e+00   0.00000000e+00   0.00000000e+00  
