 IPER  ISTEP  TLEN  ILYR  IROW  ICOL  DISP  COM  TOTGL  EST
 1          1          0.38313807       1          1          1          0                0                2000             1000            
 1          1          0.38313807       1          1          2          0.002903987      0.002903987      2000             1000            
 1          1          0.38313807       1          1          3          0                0                2000             1000            
 1          2          0.78543304       1          1          1          0                0                2000             1000            
 1          2          0.78543304       1          1          2          0.0059445415     0.0059445415     2000             1000            
 1          2          0.78543304       1          1          3          0                0                2000             1000            
 1          3          1.2078428        1          1          1          0                0                2000             1000            
 1          3          1.2078428        1          1          2          0.009127649      0.009127649      2000             1000            
 1          3          1.2078428        1          1          3          0                0                2000             1000            
 1          4          1.651373         1          1          1          0                0                2000             1000            
 1          4          1.651373         1          1          2          0.012459514      0.012459514      2000             1000            
 1          4          1.651373         1          1          3          0                0                2000             1000            
 1          5          2.1170797        1          1          1          0                0                2000             1000            
 1          5          2.1170797        1          1          2          0.015946564      0.015946564      2000             1000            
 1          5          2.1170797        1          1          3          0                0                2000             1000            
 1          6          2.6060717        1          1          1          0                0                2000             1000            
 1          6          2.6060717        1          1          2          0.019595454      0.019595454      2000             1000            
 1          6          2.6060717        1          1          3          0                0                2000             1000            
 1          7          3.1195134        1          1          1          0                0                2000             1000            
 1          7          3.1195134        1          1          2          0.023413065      0.023413065      2000             1000            
 1          7          3.1195134        1          1          3          0                0                2000             1000            
 1          8          3.6586271        1          1          1          0                0                2000             1000            
 1          8          3.6586271        1          1          2          0.027406513      0.027406513      2000             1000            
 1          8          3.6586271        1          1          3          0                0                2000             1000            
 1          9          4.2246966        1          1          1          0                0                2000             1000            
 1          9          4.2246966        1          1          2          0.031583144      0.031583144      2000             1000            
 1          9          4.2246966        1          1          3          0                0                2000             1000            
 1          10         4.8190695        1          1          1          0                0                2000             1000            
 1          10         4.8190695        1          1          2          0.035950539      0.035950539      2000             1000            
 1          10         4.8190695        1          1          3          0                0                2000             1000            
 1          11         5.443161         1          1          1          0                0                2000             1000            
 1          11         5.443161         1          1          2          0.040516513      0.040516513      2000             1000            
 1          11         5.443161         1          1          3          0                0                2000             1000            
 1          12         6.0984571        1          1          1          0                0                2000             1000            
 1          12         6.0984571        1          1          2          0.045289115      0.045289115      2000             1000            
 1          12         6.0984571        1          1          3          0                0                2000             1000            
 1          13         6.7865181        1          1          1          0                0                2000             1000            
 1          13         6.7865181        1          1          2          0.050276623      0.050276623      2000             1000            
 1          13         6.7865181        1          1          3          0                0                2000             1000            
 1          14         7.508982         1          1          1          0                0                2000             1000            
 1          14         7.508982         1          1          2          0.055487548      0.055487548      2000             1000            
 1          14         7.508982         1          1          3          0                0                2000             1000            
 1          15         8.2675692        1          1          1          0                0                2000             1000            
 1          15         8.2675692        1          1          2          0.060930622      0.060930622      2000             1000            
 1          15         8.2675692        1          1          3          0                0                2000             1000            
 1          16         9.0640857        1          1          1          0                0                2000             1000            
 1          16         9.0640857        1          1          2          0.0666148        0.0666148        2000             1000            
 1          16         9.0640857        1          1          3          0                0                2000             1000            
 1          17         9.9004281        1          1          1          0                0                2000             1000            
 1          17         9.9004281        1          1          2          0.072549248      0.072549248      2000             1000            
 1          17         9.9004281        1          1          3          0                0                2000             1000            
 1          18         10.778588        1          1          1          0                0                2000             1000            
 1          18         10.778588        1          1          2          0.078743338      0.078743338      2000             1000            
 1          18         10.778588        1          1          3          0                0                2000             1000            
 1          19         11.700655        1          1          1          0                0                2000             1000            
 1          19         11.700655        1          1          2          0.085206638      0.085206638      2000             1000            
 1          19         11.700655        1          1          3          0                0                2000             1000            
 1          20         12.668826        1          1          1          0                0                2000             1000            
 1          20         12.668826        1          1          2          0.091948901      0.091948901      2000             1000            
 1          20         12.668826        1          1          3          0                0                2000             1000            
 1          21         13.685405        1          1          1          0                0                2000             1000            
 1          21         13.685405        1          1          2          0.09898005       0.09898005       2000             1000            
 1          21         13.685405        1          1          3          0                0                2000             1000            
 1          22         14.752814        1          1          1          0                0                2000             1000            
 1          22         14.752814        1          1          2          0.10631017       0.10631017       2000             1000            
 1          22         14.752814        1          1          3          0                0                2000             1000            
 1          23         15.873592        1          1          1          0                0                2000             1000            
 1          23         15.873592        1          1          2          0.11394947       0.11394947       2000             1000            
 1          23         15.873592        1          1          3          0                0                2000             1000            
 1          24         17.05041         1          1          1          0                0                2000             1000            
 1          24         17.05041         1          1          2          0.1219083        0.1219083        2000             1000            
 1          24         17.05041         1          1          3          0                0                2000             1000            
 1          25         18.286069        1          1          1          0                0                2000             1000            
 1          25         18.286069        1          1          2          0.1301971        0.1301971        2000             1000            
 1          25         18.286069        1          1          3          0                0                2000             1000            
 1          26         19.58351         1          1          1          0                0                2000             1000            
 1          26         19.58351         1          1          2          0.13882639       0.13882639       2000             1000            
 1          26         19.58351         1          1          3          0                0                2000             1000            
 1          27         20.945824        1          1          1          0                0                2000             1000            
 1          27         20.945824        1          1          2          0.14780672       0.14780672       2000             1000            
 1          27         20.945824        1          1          3          0                0                2000             1000            
 1          28         22.376253        1          1          1          0                0                2000             1000            
 1          28         22.376253        1          1          2          0.1571487        0.1571487        2000             1000            
 1          28         22.376253        1          1          3          0                0                2000             1000            
 1          29         23.878204        1          1          1          0                0                2000             1000            
 1          29         23.878204        1          1          2          0.1668629        0.1668629        2000             1000            
 1          29         23.878204        1          1          3          0                0                2000             1000            
 1          30         25.455252        1          1          1          0                0                2000             1000            
 1          30         25.455252        1          1          2          0.17695987       0.17695987       2000             1000            
 1          30         25.455252        1          1          3          0                0                2000             1000            
 1          31         27.111152        1          1          1          0                0                2000             1000            
 1          31         27.111152        1          1          2          0.18745008       0.18745008       2000             1000            
 1          31         27.111152        1          1          3          0                0                2000             1000            
 1          32         28.849848        1          1          1          0                0                2000             1000            
 1          32         28.849848        1          1          2          0.19834388       0.19834388       2000             1000            
 1          32         28.849848        1          1          3          0                0                2000             1000            
 1          33         30.675479        1          1          1          0                0                2000             1000            
 1          33         30.675479        1          1          2          0.20965149       0.20965149       2000             1000            
 1          33         30.675479        1          1          3          0                0                2000             1000            
 1          34         32.592391        1          1          1          0                0                2000             1000            
 1          34         32.592391        1          1          2          0.22138293       0.22138293       2000             1000            
 1          34         32.592391        1          1          3          0                0                2000             1000            
 1          35         34.605148        1          1          1          0                0                2000             1000            
 1          35         34.605148        1          1          2          0.23354798       0.23354798       2000             1000            
 1          35         34.605148        1          1          3          0                0                2000             1000            
 1          36         36.718544        1          1          1          0                0                2000             1000            
 1          36         36.718544        1          1          2          0.24615617       0.24615617       2000             1000            
 1          36         36.718544        1          1          3          0                0                2000             1000            
 1          37         38.937609        1          1          1          0                0                2000             1000            
 1          37         38.937609        1          1          2          0.25921671       0.25921671       2000             1000            
 1          37         38.937609        1          1          3          0                0                2000             1000            
 1          38         41.267627        1          1          1          0                0                2000             1000            
 1          38         41.267627        1          1          2          0.27273842       0.27273842       2000             1000            
 1          38         41.267627        1          1          3          0                0                2000             1000            
 1          39         43.714147        1          1          1          0                0                2000             1000            
 1          39         43.714147        1          1          2          0.28672976       0.28672976       2000             1000            
 1          39         43.714147        1          1          3          0                0                2000             1000            
 1          40         46.282992        1          1          1          0                0                2000             1000            
 1          40         46.282992        1          1          2          0.30119872       0.30119872       2000             1000            
 1          40         46.282992        1          1          3          0                0                2000             1000            
 1          41         48.98028         1          1          1          0                0                2000             1000            
 1          41         48.98028         1          1          2          0.3161528        0.3161528        2000             1000            
 1          41         48.98028         1          1          3          0                0                2000             1000            
 1          42         51.812432        1          1          1          0                0                2000             1000            
 1          42         51.812432        1          1          2          0.33159901       0.33159901       2000             1000            
 1          42         51.812432        1          1          3          0                0                2000             1000            
 1          43         54.786192        1          1          1          0                0                2000             1000            
 1          43         54.786192        1          1          2          0.34754375       0.34754375       2000             1000            
 1          43         54.786192        1          1          3          0                0                2000             1000            
 1          44         57.908639        1          1          1          0                0                2000             1000            
 1          44         57.908639        1          1          2          0.36399287       0.36399287       2000             1000            
 1          44         57.908639        1          1          3          0                0                2000             1000            
 1          45         61.187209        1          1          1          0                0                2000             1000            
 1          45         61.187209        1          1          2          0.38095158       0.38095158       2000             1000            
 1          45         61.187209        1          1          3          0                0                2000             1000            
 1          46         64.629708        1          1          1          0                0                2000             1000            
 1          46         64.629708        1          1          2          0.39842446       0.39842446       2000             1000            
 1          46         64.629708        1          1          3          0                0                2000             1000            
 1          47         68.244331        1          1          1          0                0                2000             1000            
 1          47         68.244331        1          1          2          0.41641544       0.41641544       2000             1000            
 1          47         68.244331        1          1          3          0                0                2000             1000            
 1          48         72.039686        1          1          1          0                0                2000             1000            
 1          48         72.039686        1          1          2          0.43492778       0.43492778       2000             1000            
 1          48         72.039686        1          1          3          0                0                2000             1000            
 1          49         76.024808        1          1          1          0                0                2000             1000            
 1          49         76.024808        1          1          2          0.45396409       0.45396409       2000             1000            
 1          49         76.024808        1          1          3          0                0                2000             1000            
 1          50         80.209187        1          1          1          0                0                2000             1000            
 1          50         80.209187        1          1          2          0.47352633       0.47352633       2000             1000            
 1          50         80.209187        1          1          3          0                0                2000             1000            
 1          51         84.602784        1          1          1          0                0                2000             1000            
 1          51         84.602784        1          1          2          0.49361585       0.49361585       2000             1000            
 1          51         84.602784        1          1          3          0                0                2000             1000            
 1          52         89.216062        1          1          1          0                0                2000             1000            
 1          52         89.216062        1          1          2          0.5142334        0.5142334        2000             1000            
 1          52         89.216062        1          1          3          0                0                2000             1000            
 1          53         94.060003        1          1          1          0                0                2000             1000            
 1          53         94.060003        1          1          2          0.5353792        0.5353792        2000             1000            
 1          53         94.060003        1          1          3          0                0                2000             1000            
 1          54         99.146141        1          1          1          0                0                2000             1000            
 1          54         99.146141        1          1          2          0.55705297       0.55705297       2000             1000            
 1          54         99.146141        1          1          3          0                0                2000             1000            
 1          55         104.48659        1          1          1          0                0                2000             1000            
 1          55         104.48659        1          1          2          0.57925404       0.57925404       2000             1000            
 1          55         104.48659        1          1          3          0                0                2000             1000            
 1          56         110.09405        1          1          1          0                0                2000             1000            
 1          56         110.09405        1          1          2          0.60198139       0.60198139       2000             1000            
 1          56         110.09405        1          1          3          0                0                2000             1000            
 1          57         115.98189        1          1          1          0                0                2000             1000            
 1          57         115.98189        1          1          2          0.62523379       0.62523379       2000             1000            
 1          57         115.98189        1          1          3          0                0                2000             1000            
 1          58         122.16413        1          1          1          0                0                2000             1000            
 1          58         122.16413        1          1          2          0.64900988       0.64900988       2000             1000            
 1          58         122.16413        1          1          3          0                0                2000             1000            
 1          59         128.65547        1          1          1          0                0                2000             1000            
 1          59         128.65547        1          1          2          0.67330828       0.67330828       2000             1000            
 1          59         128.65547        1          1          3          0                0                2000             1000            
 1          60         135.47138        1          1          1          0                0                2000             1000            
 1          60         135.47138        1          1          2          0.69812775       0.69812775       2000             1000            
 1          60         135.47138        1          1          3          0                0                2000             1000            
 1          61         142.62809        1          1          1          0                0                2000             1000            
 1          61         142.62809        1          1          2          0.7234673        0.7234673        2000             1000            
 1          61         142.62809        1          1          3          0                0                2000             1000            
 1          62         150.14263        1          1          1          0                0                2000             1000            
 1          62         150.14263        1          1          2          0.74932635       0.74932635       2000             1000            
 1          62         150.14263        1          1          3          0                0                2000             1000            
 1          63         158.0329         1          1          1          0                0                2000             1000            
 1          63         158.0329         1          1          2          0.77570486       0.77570486       2000             1000            
 1          63         158.0329         1          1          3          0                0                2000             1000            
 1          64         166.31769        1          1          1          0                0                2000             1000            
 1          64         166.31769        1          1          2          0.80260348       0.80260348       2000             1000            
 1          64         166.31769        1          1          3          0                0                2000             1000            
 1          65         175.01671        1          1          1          0                0                2000             1000            
 1          65         175.01671        1          1          2          0.83002368       0.83002368       2000             1000            
 1          65         175.01671        1          1          3          0                0                2000             1000            
 1          66         184.15068        1          1          1          0                0                2000             1000            
 1          66         184.15068        1          1          2          0.85796795       0.85796795       2000             1000            
 1          66         184.15068        1          1          3          0                0                2000             1000            
 1          67         193.74135        1          1          1          0                0                2000             1000            
 1          67         193.74135        1          1          2          0.88643983       0.88643983       2000             1000            
 1          67         193.74135        1          1          3          0                0                2000             1000            
 1          68         203.81156        1          1          1          0                0                2000             1000            
 1          68         203.81156        1          1          2          0.9154441        0.9154441        2000             1000            
 1          68         203.81156        1          1          3          0                0                2000             1000            
 1          69         214.38528        1          1          1          0                0                2000             1000            
 1          69         214.38528        1          1          2          0.94498689       0.94498689       2000             1000            
 1          69         214.38528        1          1          3          0                0                2000             1000            
 1          70         225.48768        1          1          1          0                0                2000             1000            
 1          70         225.48768        1          1          2          0.97507572       0.97507572       2000             1000            
 1          70         225.48768        1          1          3          0                0                2000             1000            
 1          71         237.1452         1          1          1          0                0                2000             1000            
 1          71         237.1452         1          1          2          1.0057196        1.0057196        2000             1000            
 1          71         237.1452         1          1          3          0                0                2000             1000            
 1          72         249.3856         1          1          1          0                0                2000             1000            
 1          72         249.3856         1          1          2          1.0369291        1.0369291        2000             1000            
 1          72         249.3856         1          1          3          0                0                2000             1000            
 1          73         262.23802        1          1          1          0                0                2000             1000            
 1          73         262.23802        1          1          2          1.0687162        1.0687162        2000             1000            
 1          73         262.23802        1          1          3          0                0                2000             1000            
 1          74         275.73305        1          1          1          0                0                2000             1000            
 1          74         275.73305        1          1          2          1.1010947        1.1010947        2000             1000            
 1          74         275.73305        1          1          3          0                0                2000             1000            
 1          75         289.90284        1          1          1          0                0                2000             1000            
 1          75         289.90284        1          1          2          1.1340798        1.1340798        2000             1000            
 1          75         289.90284        1          1          3          0                0                2000             1000            
 1          76         304.78113        1          1          1          0                0                2000             1000            
 1          76         304.78113        1          1          2          1.1676881        1.1676881        2000             1000            
 1          76         304.78113        1          1          3          0                0                2000             1000            
 1          77         320.40332        1          1          1          0                0                2000             1000            
 1          77         320.40332        1          1          2          1.2019378        1.2019378        2000             1000            
 1          77         320.40332        1          1          3          0                0                2000             1000            
 1          78         336.80662        1          1          1          0                0                2000             1000            
 1          78         336.80662        1          1          2          1.2368484        1.2368484        2000             1000            
 1          78         336.80662        1          1          3          0                0                2000             1000            
 1          79         354.03009        1          1          1          0                0                2000             1000            
 1          79         354.03009        1          1          2          1.2724409        1.2724409        2000             1000            
 1          79         354.03009        1          1          3          0                0                2000             1000            
 1          80         372.11474        1          1          1          0                0                2000             1000            
 1          80         372.11474        1          1          2          1.308737         1.308737         2000             1000            
 1          80         372.11474        1          1          3          0                0                2000             1000            
 1          81         391.10361        1          1          1          0                0                2000             1000            
 1          81         391.10361        1          1          2          1.3457601        1.3457601        2000             1000            
 1          81         391.10361        1          1          3          0                0                2000             1000            
 1          82         411.04193        1          1          1          0                0                2000             1000            
 1          82         411.04193        1          1          2          1.383534         1.383534         2000             1000            
 1          82         411.04193        1          1          3          0                0                2000             1000            
 1          83         431.97716        1          1          1          0                0                2000             1000            
 1          83         431.97716        1          1          2          1.4220838        1.4220838        2000             1000            
 1          83         431.97716        1          1          3          0                0                2000             1000            
 1          84         453.95916        1          1          1          0                0                2000             1000            
 1          84         453.95916        1          1          2          1.4614351        1.4614351        2000             1000            
 1          84         453.95916        1          1          3          0                0                2000             1000            
 1          85         477.04026        1          1          1          0                0                2000             1000            
 1          85         477.04026        1          1          2          1.5016144        1.5016144        2000             1000            
 1          85         477.04026        1          1          3          0                0                2000             1000            
 1          86         501.27541        1          1          1          0                0                2000             1000            
 1          86         501.27541        1          1          2          1.5426486        1.5426486        2000             1000            
 1          86         501.27541        1          1          3          0                0                2000             1000            
 1          87         526.72232        1          1          1          0                0                2000             1000            
 1          87         526.72232        1          1          2          1.5845652        1.5845652        2000             1000            
 1          87         526.72232        1          1          3          0                0                2000             1000            
 1          88         553.44157        1          1          1          0                0                2000             1000            
 1          88         553.44157        1          1          2          1.6273923        1.6273923        2000             1000            
 1          88         553.44157        1          1          3          0                0                2000             1000            
 1          89         581.49679        1          1          1          0                0                2000             1000            
 1          89         581.49679        1          1          2          1.6711583        1.6711583        2000             1000            
 1          89         581.49679        1          1          3          0                0                2000             1000            
 1          90         610.95476        1          1          1          0                0                2000             1000            
 1          90         610.95476        1          1          2          1.7158921        1.7158921        2000             1000            
 1          90         610.95476        1          1          3          0                0                2000             1000            
 1          91         641.88564        1          1          1          0                0                2000             1000            
 1          91         641.88564        1          1          2          1.7616228        1.7616228        2000             1000            
 1          91         641.88564        1          1          3          0                0                2000             1000            
 1          92         674.36306        1          1          1          0                0                2000             1000            
 1          92         674.36306        1          1          2          1.8083802        1.8083802        2000             1000            
 1          92         674.36306        1          1          3          0                0                2000             1000            
 1          93         708.46435        1          1          1          0                0                2000             1000            
 1          93         708.46435        1          1          2          1.8561943        1.8561943        2000             1000            
 1          93         708.46435        1          1          3          0                0                2000             1000            
 1          94         744.27071        1          1          1          0                0                2000             1000            
 1          94         744.27071        1          1          2          1.9050954        1.9050954        2000             1000            
 1          94         744.27071        1          1          3          0                0                2000             1000            
 1          95         781.86738        1          1          1          0                0                2000             1000            
 1          95         781.86738        1          1          2          1.9551147        1.9551147        2000             1000            
 1          95         781.86738        1          1          3          0                0                2000             1000            
 1          96         821.34389        1          1          1          0                0                2000             1000            
 1          96         821.34389        1          1          2          2.0062833        2.0062833        2000             1000            
 1          96         821.34389        1          1          3          0                0                2000             1000            
 1          97         862.79422        1          1          1          0                0                2000             1000            
 1          97         862.79422        1          1          2          2.0586333        2.0586333        2000             1000            
 1          97         862.79422        1          1          3          0                0                2000             1000            
 1          98         906.31707        1          1          1          0                0                2000             1000            
 1          98         906.31707        1          1          2          2.112197         2.112197         2000             1000            
 1          98         906.31707        1          1          3          0                0                2000             1000            
 1          99         952.01606        1          1          1          0                0                2000             1000            
 1          99         952.01606        1          1          2          2.1670075        2.1670075        2000             1000            
 1          99         952.01606        1          1          3          0                0                2000             1000            
 1          100        1000             1          1          1          0                0                2000             1000            
 1          100        1000             1          1          2          2.2230984        2.2230984        2000             1000            
 1          100        1000             1          1          3          0                0                2000             1000            
