 IPER  ISTEP           DLEN           ILYR    IROW   ICOL                     STA                     FBC                     CST                     IBE                     IBV                     WST                     CNH                     ABER
 1          1          0.38313807       1          1          1          -0.00000000e+00  9.28628488e-03   0.00000000e+00   0.00000000e+00   0.00000000e+00   0.00000000e+00   -9.28628488e-03  0.00000000e+00  
 1          1          0.38313807       1          1          2          -0.00000000e+00  -1.85725698e-02  0.00000000e+00   6.14720249e-03   1.24253673e-02   0.00000000e+00   0.00000000e+00   0.00000000e+00  
 1          1          0.38313807       1          1          3          -0.00000000e+00  9.28628488e-03   0.00000000e+00   0.00000000e+00   0.00000000e+00   0.00000000e+00   -9.28628488e-03  0.00000000e+00  
 1          2          0.40229497       1          1          1          -0.00000000e+00  6.02008005e-03   0.00000000e+00   0.00000000e+00   0.00000000e+00   0.00000000e+00   -6.02008005e-03  0.00000000e+00  
 1          2          0.40229497       1          1          2          -0.00000000e+00  -1.20401601e-02  0.00000000e+00   3.16912322e-03   8.87103689e-03   0.00000000e+00   0.00000000e+00   -1.39574107e-18 
 1          2          0.40229497       1          1          3          -0.00000000e+00  6.02008005e-03   0.00000000e+00   0.00000000e+00   0.00000000e+00   0.00000000e+00   -6.02008005e-03  0.00000000e+00  
 1          3          0.42240972       1          1          1          -0.00000000e+00  4.65363234e-03   0.00000000e+00   0.00000000e+00   0.00000000e+00   0.00000000e+00   -4.65363234e-03  0.00000000e+00  
 1          3          0.42240972       1          1          2          -0.00000000e+00  -9.30726468e-03  0.00000000e+00   2.48220644e-03   6.82505824e-03   0.00000000e+00   0.00000000e+00   -1.46552812e-18 
 1          3          0.42240972       1          1          3          -0.00000000e+00  4.65363234e-03   0.00000000e+00   0.00000000e+00   0.00000000e+00   0.00000000e+00   -4.65363234e-03  0.00000000e+00  
 1          4          0.44353021       1          1          1          -0.00000000e+00  3.97069463e-03   0.00000000e+00   0.00000000e+00   0.00000000e+00   0.00000000e+00   -3.97069463e-03  0.00000000e+00  
 1          4          0.44353021       1          1          2          -0.00000000e+00  -7.94138927e-03  0.00000000e+00   2.15752454e-03   5.78386473e-03   0.00000000e+00   0.00000000e+00   0.00000000e+00  
 1          4          0.44353021       1          1          3          -0.00000000e+00  3.97069463e-03   0.00000000e+00   0.00000000e+00   0.00000000e+00   0.00000000e+00   -3.97069463e-03  0.00000000e+00  
 1          5          0.46570672       1          1          1          -0.00000000e+00  3.57697737e-03   0.00000000e+00   0.00000000e+00   0.00000000e+00   0.00000000e+00   -3.57697737e-03  0.00000000e+00  
 1          5          0.46570672       1          1          2          -0.00000000e+00  -7.15395475e-03  0.00000000e+00   1.94983963e-03   5.20411512e-03   0.00000000e+00   0.00000000e+00   8.07872377e-19  
 1          5          0.46570672       1          1          3          -0.00000000e+00  3.57697737e-03   0.00000000e+00   0.00000000e+00   0.00000000e+00   0.00000000e+00   -3.57697737e-03  0.00000000e+00  
 1          6          0.48899205       1          1          1          -0.00000000e+00  3.32467329e-03   0.00000000e+00   0.00000000e+00   0.00000000e+00   0.00000000e+00   -3.32467329e-03  0.00000000e+00  
 1          6          0.48899205       1          1          2          -0.00000000e+00  -6.64934657e-03  0.00000000e+00   1.82979652e-03   4.81955006e-03   0.00000000e+00   0.00000000e+00   0.00000000e+00  
 1          6          0.48899205       1          1          3          -0.00000000e+00  3.32467329e-03   0.00000000e+00   0.00000000e+00   0.00000000e+00   0.00000000e+00   -3.32467329e-03  0.00000000e+00  
 1          7          0.51344166       1          1          1          -0.00000000e+00  3.15196662e-03   0.00000000e+00   0.00000000e+00   0.00000000e+00   0.00000000e+00   -3.15196662e-03  0.00000000e+00  
 1          7          0.51344166       1          1          2          -0.00000000e+00  -6.30393324e-03  0.00000000e+00   1.73726223e-03   4.56667101e-03   0.00000000e+00   0.00000000e+00   0.00000000e+00  
 1          7          0.51344166       1          1          3          -0.00000000e+00  3.15196662e-03   0.00000000e+00   0.00000000e+00   0.00000000e+00   0.00000000e+00   -3.15196662e-03  0.00000000e+00  
 1          8          0.53911374       1          1          1          -0.00000000e+00  3.02884644e-03   0.00000000e+00   0.00000000e+00   0.00000000e+00   0.00000000e+00   -3.02884644e-03  0.00000000e+00  
 1          8          0.53911374       1          1          2          -0.00000000e+00  -6.05769289e-03  0.00000000e+00   1.67573446e-03   4.38195843e-03   0.00000000e+00   0.00000000e+00   0.00000000e+00  
 1          8          0.53911374       1          1          3          -0.00000000e+00  3.02884644e-03   0.00000000e+00   0.00000000e+00   0.00000000e+00   0.00000000e+00   -3.02884644e-03  0.00000000e+00  
 1          9          0.56606943       1          1          1          -0.00000000e+00  2.93933597e-03   0.00000000e+00   0.00000000e+00   0.00000000e+00   0.00000000e+00   -2.93933597e-03  0.00000000e+00  
 1          9          0.56606943       1          1          2          -0.00000000e+00  -5.87867194e-03  0.00000000e+00   1.62847770e-03   4.25019424e-03   0.00000000e+00   0.00000000e+00   0.00000000e+00  
 1          9          0.56606943       1          1          3          -0.00000000e+00  2.93933597e-03   0.00000000e+00   0.00000000e+00   0.00000000e+00   0.00000000e+00   -2.93933597e-03  0.00000000e+00  
 1          10         0.59437290       1          1          1          -0.00000000e+00  2.87392968e-03   0.00000000e+00   0.00000000e+00   0.00000000e+00   0.00000000e+00   -2.87392968e-03  0.00000000e+00  
 1          10         0.59437290       1          1          2          -0.00000000e+00  -5.74785935e-03  0.00000000e+00   1.59558190e-03   4.15227745e-03   0.00000000e+00   0.00000000e+00   -1.03107262e-18 
 1          10         0.59437290       1          1          3          -0.00000000e+00  2.87392968e-03   0.00000000e+00   0.00000000e+00   0.00000000e+00   0.00000000e+00   -2.87392968e-03  0.00000000e+00  
 1          11         0.62409154       1          1          1          -0.00000000e+00  2.82667724e-03   0.00000000e+00   0.00000000e+00   0.00000000e+00   0.00000000e+00   -2.82667724e-03  0.00000000e+00  
 1          11         0.62409154       1          1          2          -0.00000000e+00  -5.65335448e-03  0.00000000e+00   1.57088110e-03   4.08247338e-03   0.00000000e+00   0.00000000e+00   1.08262625e-18  
 1          11         0.62409154       1          1          3          -0.00000000e+00  2.82667724e-03   0.00000000e+00   0.00000000e+00   0.00000000e+00   0.00000000e+00   -2.82667724e-03  0.00000000e+00  
 1          12         0.65529612       1          1          1          -0.00000000e+00  2.79354686e-03   0.00000000e+00   0.00000000e+00   0.00000000e+00   0.00000000e+00   -2.79354686e-03  0.00000000e+00  
 1          12         0.65529612       1          1          2          -0.00000000e+00  -5.58709371e-03  0.00000000e+00   1.55527525e-03   4.03181846e-03   0.00000000e+00   0.00000000e+00   0.00000000e+00  
 1          12         0.65529612       1          1          3          -0.00000000e+00  2.79354686e-03   0.00000000e+00   0.00000000e+00   0.00000000e+00   0.00000000e+00   -2.79354686e-03  0.00000000e+00  
 1          13         0.68806093       1          1          1          -0.00000000e+00  2.77176096e-03   0.00000000e+00   0.00000000e+00   0.00000000e+00   0.00000000e+00   -2.77176096e-03  0.00000000e+00  
 1          13         0.68806093       1          1          2          -0.00000000e+00  -5.54352191e-03  0.00000000e+00   1.54357829e-03   3.99994362e-03   0.00000000e+00   0.00000000e+00   0.00000000e+00  
 1          13         0.68806093       1          1          3          -0.00000000e+00  2.77176096e-03   0.00000000e+00   0.00000000e+00   0.00000000e+00   0.00000000e+00   -2.77176096e-03  0.00000000e+00  
 1          14         0.72246397       1          1          1          -0.00000000e+00  2.75928389e-03   0.00000000e+00   0.00000000e+00   0.00000000e+00   0.00000000e+00   -2.75928389e-03  0.00000000e+00  
 1          14         0.72246397       1          1          2          -0.00000000e+00  -5.51856777e-03  0.00000000e+00   1.53967415e-03   3.97889362e-03   0.00000000e+00   0.00000000e+00   6.26637607e-19  
 1          14         0.72246397       1          1          3          -0.00000000e+00  2.75928389e-03   0.00000000e+00   0.00000000e+00   0.00000000e+00   0.00000000e+00   -2.75928389e-03  0.00000000e+00  
 1          15         0.75858717       1          1          1          -0.00000000e+00  2.75463095e-03   0.00000000e+00   0.00000000e+00   0.00000000e+00   0.00000000e+00   -2.75463095e-03  0.00000000e+00  
 1          15         0.75858717       1          1          2          -0.00000000e+00  -5.50926189e-03  0.00000000e+00   1.53639449e-03   3.97286741e-03   0.00000000e+00   0.00000000e+00   0.00000000e+00  
 1          15         0.75858717       1          1          3          -0.00000000e+00  2.75463095e-03   0.00000000e+00   0.00000000e+00   0.00000000e+00   0.00000000e+00   -2.75463095e-03  0.00000000e+00  
 1          16         0.79651653       1          1          1          -0.00000000e+00  2.75665923e-03   0.00000000e+00   0.00000000e+00   0.00000000e+00   0.00000000e+00   -2.75665923e-03  0.00000000e+00  
 1          16         0.79651653       1          1          2          -0.00000000e+00  -5.51331846e-03  0.00000000e+00   1.54095867e-03   3.97235979e-03   0.00000000e+00   0.00000000e+00   0.00000000e+00  
 1          16         0.79651653       1          1          3          -0.00000000e+00  2.75665923e-03   0.00000000e+00   0.00000000e+00   0.00000000e+00   0.00000000e+00   -2.75665923e-03  0.00000000e+00  
 1          17         0.83634236       1          1          1          -0.00000000e+00  2.76450377e-03   0.00000000e+00   0.00000000e+00   0.00000000e+00   0.00000000e+00   -2.76450377e-03  0.00000000e+00  
 1          17         0.83634236       1          1          2          -0.00000000e+00  -5.52900755e-03  0.00000000e+00   1.54370627e-03   3.98530127e-03   0.00000000e+00   0.00000000e+00   0.00000000e+00  
 1          17         0.83634236       1          1          3          -0.00000000e+00  2.76450377e-03   0.00000000e+00   0.00000000e+00   0.00000000e+00   0.00000000e+00   -2.76450377e-03  0.00000000e+00  
 1          18         0.87815947       1          1          1          -0.00000000e+00  2.77747685e-03   0.00000000e+00   0.00000000e+00   0.00000000e+00   0.00000000e+00   -2.77747685e-03  0.00000000e+00  
 1          18         0.87815947       1          1          2          -0.00000000e+00  -5.55495370e-03  0.00000000e+00   1.55461889e-03   4.00033481e-03   0.00000000e+00   0.00000000e+00   0.00000000e+00  
 1          18         0.87815947       1          1          3          -0.00000000e+00  2.77747685e-03   0.00000000e+00   0.00000000e+00   0.00000000e+00   0.00000000e+00   -2.77747685e-03  0.00000000e+00  
 1          19         0.92206745       1          1          1          -0.00000000e+00  2.79504428e-03   0.00000000e+00   0.00000000e+00   0.00000000e+00   0.00000000e+00   -2.79504428e-03  0.00000000e+00  
 1          19         0.92206745       1          1          2          -0.00000000e+00  -5.59008856e-03  0.00000000e+00   1.56205447e-03   4.02803409e-03   0.00000000e+00   0.00000000e+00   0.00000000e+00  
 1          19         0.92206745       1          1          3          -0.00000000e+00  2.79504428e-03   0.00000000e+00   0.00000000e+00   0.00000000e+00   0.00000000e+00   -2.79504428e-03  0.00000000e+00  
 1          20         0.96817082       1          1          1          -0.00000000e+00  2.81677185e-03   0.00000000e+00   0.00000000e+00   0.00000000e+00   0.00000000e+00   -2.81677185e-03  0.00000000e+00  
 1          20         0.96817082       1          1          2          -0.00000000e+00  -5.63354370e-03  0.00000000e+00   1.57773202e-03   4.05581168e-03   0.00000000e+00   0.00000000e+00   0.00000000e+00  
 1          20         0.96817082       1          1          3          -0.00000000e+00  2.81677185e-03   0.00000000e+00   0.00000000e+00   0.00000000e+00   0.00000000e+00   -2.81677185e-03  0.00000000e+00  
 1          21         1.01657936       1          1          1          -0.00000000e+00  2.84231599e-03   0.00000000e+00   0.00000000e+00   0.00000000e+00   0.00000000e+00   -2.84231599e-03  0.00000000e+00  
 1          21         1.01657936       1          1          2          -0.00000000e+00  -5.68463199e-03  0.00000000e+00   1.58900481e-03   4.09562717e-03   0.00000000e+00   0.00000000e+00   0.00000000e+00  
 1          21         1.01657936       1          1          3          -0.00000000e+00  2.84231599e-03   0.00000000e+00   0.00000000e+00   0.00000000e+00   0.00000000e+00   -2.84231599e-03  0.00000000e+00  
 1          22         1.06740833       1          1          1          -0.00000000e+00  2.87139325e-03   0.00000000e+00   0.00000000e+00   0.00000000e+00   0.00000000e+00   -2.87139325e-03  0.00000000e+00  
 1          22         1.06740833       1          1          2          -0.00000000e+00  -5.74278649e-03  0.00000000e+00   1.60806509e-03   4.13472140e-03   0.00000000e+00   0.00000000e+00   0.00000000e+00  
 1          22         1.06740833       1          1          3          -0.00000000e+00  2.87139325e-03   0.00000000e+00   0.00000000e+00   0.00000000e+00   0.00000000e+00   -2.87139325e-03  0.00000000e+00  
 1          23         1.12077875       1          1          1          -0.00000000e+00  2.90377604e-03   0.00000000e+00   0.00000000e+00   0.00000000e+00   0.00000000e+00   -2.90377604e-03  0.00000000e+00  
 1          23         1.12077875       1          1          2          -0.00000000e+00  -5.80755208e-03  0.00000000e+00   1.62249264e-03   4.18505944e-03   0.00000000e+00   0.00000000e+00   0.00000000e+00  
 1          23         1.12077875       1          1          3          -0.00000000e+00  2.90377604e-03   0.00000000e+00   0.00000000e+00   0.00000000e+00   0.00000000e+00   -2.90377604e-03  0.00000000e+00  
 1          24         1.17681768       1          1          1          -0.00000000e+00  2.93927497e-03   0.00000000e+00   0.00000000e+00   0.00000000e+00   0.00000000e+00   -2.93927497e-03  0.00000000e+00  
 1          24         1.17681768       1          1          2          -0.00000000e+00  -5.87854994e-03  0.00000000e+00   1.64352644e-03   4.23502350e-03   0.00000000e+00   0.00000000e+00   -1.02072663e-18 
 1          24         1.17681768       1          1          3          -0.00000000e+00  2.93927497e-03   0.00000000e+00   0.00000000e+00   0.00000000e+00   0.00000000e+00   -2.93927497e-03  0.00000000e+00  
 1          25         1.23565857       1          1          1          -0.00000000e+00  2.97773587e-03   0.00000000e+00   0.00000000e+00   0.00000000e+00   0.00000000e+00   -2.97773587e-03  0.00000000e+00  
 1          25         1.23565857       1          1          2          -0.00000000e+00  -5.95547173e-03  0.00000000e+00   1.66039915e-03   4.29507258e-03   0.00000000e+00   0.00000000e+00   0.00000000e+00  
 1          25         1.23565857       1          1          3          -0.00000000e+00  2.97773587e-03   0.00000000e+00   0.00000000e+00   0.00000000e+00   0.00000000e+00   -2.97773587e-03  0.00000000e+00  
 1          26         1.29744149       1          1          1          -0.00000000e+00  3.01902991e-03   0.00000000e+00   0.00000000e+00   0.00000000e+00   0.00000000e+00   -3.01902991e-03  0.00000000e+00  
 1          26         1.29744149       1          1          2          -0.00000000e+00  -6.03805982e-03  0.00000000e+00   1.68181301e-03   4.35624681e-03   0.00000000e+00   0.00000000e+00   0.00000000e+00  
 1          26         1.29744149       1          1          3          -0.00000000e+00  3.01902991e-03   0.00000000e+00   0.00000000e+00   0.00000000e+00   0.00000000e+00   -3.01902991e-03  0.00000000e+00  
 1          27         1.36231357       1          1          1          -0.00000000e+00  3.06305027e-03   0.00000000e+00   0.00000000e+00   0.00000000e+00   0.00000000e+00   -3.06305027e-03  0.00000000e+00  
 1          27         1.36231357       1          1          2          -0.00000000e+00  -6.12610054e-03  0.00000000e+00   1.70028893e-03   4.42581160e-03   0.00000000e+00   0.00000000e+00   1.18161867e-18  
 1          27         1.36231357       1          1          3          -0.00000000e+00  3.06305027e-03   0.00000000e+00   0.00000000e+00   0.00000000e+00   0.00000000e+00   -3.06305027e-03  0.00000000e+00  
 1          28         1.43042925       1          1          1          -0.00000000e+00  3.10970758e-03   0.00000000e+00   0.00000000e+00   0.00000000e+00   0.00000000e+00   -3.10970758e-03  0.00000000e+00  
 1          28         1.43042925       1          1          2          -0.00000000e+00  -6.21941516e-03  0.00000000e+00   1.72021655e-03   4.49919861e-03   0.00000000e+00   0.00000000e+00   0.00000000e+00  
 1          28         1.43042925       1          1          3          -0.00000000e+00  3.10970758e-03   0.00000000e+00   0.00000000e+00   0.00000000e+00   0.00000000e+00   -3.10970758e-03  0.00000000e+00  
 1          29         1.50195071       1          1          1          -0.00000000e+00  3.15892520e-03   0.00000000e+00   0.00000000e+00   0.00000000e+00   0.00000000e+00   -3.15892520e-03  0.00000000e+00  
 1          29         1.50195071       1          1          2          -0.00000000e+00  -6.31785041e-03  0.00000000e+00   1.73929682e-03   4.57855359e-03   0.00000000e+00   0.00000000e+00   0.00000000e+00  
 1          29         1.50195071       1          1          3          -0.00000000e+00  3.15892520e-03   0.00000000e+00   0.00000000e+00   0.00000000e+00   0.00000000e+00   -3.15892520e-03  0.00000000e+00  
 1          30         1.57704825       1          1          1          -0.00000000e+00  3.21063899e-03   0.00000000e+00   0.00000000e+00   0.00000000e+00   0.00000000e+00   -3.21063899e-03  0.00000000e+00  
 1          30         1.57704825       1          1          2          -0.00000000e+00  -6.42127799e-03  0.00000000e+00   1.75558202e-03   4.66569597e-03   0.00000000e+00   0.00000000e+00   0.00000000e+00  
 1          30         1.57704825       1          1          3          -0.00000000e+00  3.21063899e-03   0.00000000e+00   0.00000000e+00   0.00000000e+00   0.00000000e+00   -3.21063899e-03  0.00000000e+00  
 1          31         1.65590066       1          1          1          -0.00000000e+00  3.26479215e-03   0.00000000e+00   0.00000000e+00   0.00000000e+00   0.00000000e+00   -3.26479215e-03  0.00000000e+00  
 1          31         1.65590066       1          1          2          -0.00000000e+00  -6.52958429e-03  0.00000000e+00   1.77364005e-03   4.75594425e-03   0.00000000e+00   0.00000000e+00   1.43626487e-18  
 1          31         1.65590066       1          1          3          -0.00000000e+00  3.26479215e-03   0.00000000e+00   0.00000000e+00   0.00000000e+00   0.00000000e+00   -3.26479215e-03  0.00000000e+00  
 1          32         1.73869569       1          1          1          -0.00000000e+00  3.32133708e-03   0.00000000e+00   0.00000000e+00   0.00000000e+00   0.00000000e+00   -3.32133708e-03  0.00000000e+00  
 1          32         1.73869569       1          1          2          -0.00000000e+00  -6.64267415e-03  0.00000000e+00   1.78486062e-03   4.85781353e-03   0.00000000e+00   0.00000000e+00   0.00000000e+00  
 1          32         1.73869569       1          1          3          -0.00000000e+00  3.32133708e-03   0.00000000e+00   0.00000000e+00   0.00000000e+00   0.00000000e+00   -3.32133708e-03  0.00000000e+00  
 1          33         1.82563048       1          1          1          -0.00000000e+00  3.38023655e-03   0.00000000e+00   0.00000000e+00   0.00000000e+00   0.00000000e+00   -3.38023655e-03  0.00000000e+00  
 1          33         1.82563048       1          1          2          -0.00000000e+00  -6.76047310e-03  0.00000000e+00   1.79742440e-03   4.96304869e-03   0.00000000e+00   0.00000000e+00   -7.91741011e-19 
 1          33         1.82563048       1          1          3          -0.00000000e+00  3.38023655e-03   0.00000000e+00   0.00000000e+00   0.00000000e+00   0.00000000e+00   -3.38023655e-03  0.00000000e+00  
 1          34         1.91691200       1          1          1          -0.00000000e+00  3.44145808e-03   0.00000000e+00   0.00000000e+00   0.00000000e+00   0.00000000e+00   -3.44145808e-03  0.00000000e+00  
 1          34         1.91691200       1          1          2          -0.00000000e+00  -6.88291615e-03  0.00000000e+00   1.80654935e-03   5.07636681e-03   0.00000000e+00   0.00000000e+00   0.00000000e+00  
 1          34         1.91691200       1          1          3          -0.00000000e+00  3.44145808e-03   0.00000000e+00   0.00000000e+00   0.00000000e+00   0.00000000e+00   -3.44145808e-03  0.00000000e+00  
 1          35         2.01275760       1          1          1          -0.00000000e+00  3.50497249e-03   0.00000000e+00   0.00000000e+00   0.00000000e+00   0.00000000e+00   -3.50497249e-03  0.00000000e+00  
 1          35         2.01275760       1          1          2          -0.00000000e+00  -7.00994498e-03  0.00000000e+00   1.80924772e-03   5.20069726e-03   0.00000000e+00   0.00000000e+00   0.00000000e+00  
 1          35         2.01275760       1          1          3          -0.00000000e+00  3.50497249e-03   0.00000000e+00   0.00000000e+00   0.00000000e+00   0.00000000e+00   -3.50497249e-03  0.00000000e+00  
 1          36         2.11339548       1          1          1          -0.00000000e+00  3.57075474e-03   0.00000000e+00   0.00000000e+00   0.00000000e+00   0.00000000e+00   -3.57075474e-03  0.00000000e+00  
 1          36         2.11339548       1          1          2          -0.00000000e+00  -7.14150947e-03  0.00000000e+00   1.81111259e-03   5.33039688e-03   0.00000000e+00   0.00000000e+00   9.16539188e-19  
 1          36         2.11339548       1          1          3          -0.00000000e+00  3.57075474e-03   0.00000000e+00   0.00000000e+00   0.00000000e+00   0.00000000e+00   -3.57075474e-03  0.00000000e+00  
 1          37         2.21906525       1          1          1          -0.00000000e+00  3.63878132e-03   0.00000000e+00   0.00000000e+00   0.00000000e+00   0.00000000e+00   -3.63878132e-03  0.00000000e+00  
 1          37         2.21906525       1          1          2          -0.00000000e+00  -7.27756264e-03  0.00000000e+00   1.80834705e-03   5.46921559e-03   0.00000000e+00   0.00000000e+00   9.62366147e-19  
 1          37         2.21906525       1          1          3          -0.00000000e+00  3.63878132e-03   0.00000000e+00   0.00000000e+00   0.00000000e+00   0.00000000e+00   -3.63878132e-03  0.00000000e+00  
 1          38         2.33001852       1          1          1          -0.00000000e+00  3.70902816e-03   0.00000000e+00   0.00000000e+00   0.00000000e+00   0.00000000e+00   -3.70902816e-03  0.00000000e+00  
 1          38         2.33001852       1          1          2          -0.00000000e+00  -7.41805633e-03  0.00000000e+00   1.79936423e-03   5.61869210e-03   0.00000000e+00   0.00000000e+00   0.00000000e+00  
 1          38         2.33001852       1          1          3          -0.00000000e+00  3.70902816e-03   0.00000000e+00   0.00000000e+00   0.00000000e+00   0.00000000e+00   -3.70902816e-03  0.00000000e+00  
 1          39         2.44651944       1          1          1          -0.00000000e+00  3.78147247e-03   0.00000000e+00   0.00000000e+00   0.00000000e+00   0.00000000e+00   -3.78147247e-03  0.00000000e+00  
 1          39         2.44651944       1          1          2          -0.00000000e+00  -7.56294494e-03  0.00000000e+00   1.78565778e-03   5.77728716e-03   0.00000000e+00   0.00000000e+00   0.00000000e+00  
 1          39         2.44651944       1          1          3          -0.00000000e+00  3.78147247e-03   0.00000000e+00   0.00000000e+00   0.00000000e+00   0.00000000e+00   -3.78147247e-03  0.00000000e+00  
 1          40         2.56884541       1          1          1          -0.00000000e+00  3.85609476e-03   0.00000000e+00   0.00000000e+00   0.00000000e+00   0.00000000e+00   -3.85609476e-03  0.00000000e+00  
 1          40         2.56884541       1          1          2          -0.00000000e+00  -7.71218951e-03  0.00000000e+00   1.76745011e-03   5.94473940e-03   0.00000000e+00   0.00000000e+00   0.00000000e+00  
 1          40         2.56884541       1          1          3          -0.00000000e+00  3.85609476e-03   0.00000000e+00   0.00000000e+00   0.00000000e+00   0.00000000e+00   -3.85609476e-03  0.00000000e+00  
 1          41         2.69728768       1          1          1          -0.00000000e+00  3.93287864e-03   0.00000000e+00   0.00000000e+00   0.00000000e+00   0.00000000e+00   -3.93287864e-03  0.00000000e+00  
 1          41         2.69728768       1          1          2          -0.00000000e+00  -7.86575728e-03  0.00000000e+00   1.74355516e-03   6.12220212e-03   0.00000000e+00   0.00000000e+00   0.00000000e+00  
 1          41         2.69728768       1          1          3          -0.00000000e+00  3.93287864e-03   0.00000000e+00   0.00000000e+00   0.00000000e+00   0.00000000e+00   -3.93287864e-03  0.00000000e+00  
 1          42         2.83215207       1          1          1          -0.00000000e+00  4.01180910e-03   0.00000000e+00   0.00000000e+00   0.00000000e+00   0.00000000e+00   -4.01180910e-03  0.00000000e+00  
 1          42         2.83215207       1          1          2          -0.00000000e+00  -8.02361821e-03  0.00000000e+00   1.71385944e-03   6.30975877e-03   0.00000000e+00   0.00000000e+00   0.00000000e+00  
 1          42         2.83215207       1          1          3          -0.00000000e+00  4.01180910e-03   0.00000000e+00   0.00000000e+00   0.00000000e+00   0.00000000e+00   -4.01180910e-03  0.00000000e+00  
 1          43         2.97375967       1          1          1          -0.00000000e+00  4.09287168e-03   0.00000000e+00   0.00000000e+00   0.00000000e+00   0.00000000e+00   -4.09287168e-03  0.00000000e+00  
 1          43         2.97375967       1          1          2          -0.00000000e+00  -8.18574335e-03  0.00000000e+00   1.67833741e-03   6.50740594e-03   0.00000000e+00   0.00000000e+00   0.00000000e+00  
 1          43         2.97375967       1          1          3          -0.00000000e+00  4.09287168e-03   0.00000000e+00   0.00000000e+00   0.00000000e+00   0.00000000e+00   -4.09287168e-03  0.00000000e+00  
 1          44         3.12244766       1          1          1          -0.00000000e+00  4.17605296e-03   0.00000000e+00   0.00000000e+00   0.00000000e+00   0.00000000e+00   -4.17605296e-03  0.00000000e+00  
 1          44         3.12244766       1          1          2          -0.00000000e+00  -8.35210592e-03  0.00000000e+00   1.63704798e-03   6.71505794e-03   0.00000000e+00   0.00000000e+00   0.00000000e+00  
 1          44         3.12244766       1          1          3          -0.00000000e+00  4.17605296e-03   0.00000000e+00   0.00000000e+00   0.00000000e+00   0.00000000e+00   -4.17605296e-03  0.00000000e+00  
 1          45         3.27857004       1          1          1          -0.00000000e+00  4.26134218e-03   0.00000000e+00   0.00000000e+00   0.00000000e+00   0.00000000e+00   -4.26134218e-03  0.00000000e+00  
 1          45         3.27857004       1          1          2          -0.00000000e+00  -8.52268436e-03  0.00000000e+00   1.59013596e-03   6.93254840e-03   0.00000000e+00   0.00000000e+00   0.00000000e+00  
 1          45         3.27857004       1          1          3          -0.00000000e+00  4.26134218e-03   0.00000000e+00   0.00000000e+00   0.00000000e+00   0.00000000e+00   -4.26134218e-03  0.00000000e+00  
 1          46         3.44249854       1          1          1          -0.00000000e+00  4.34873233e-03   0.00000000e+00   0.00000000e+00   0.00000000e+00   0.00000000e+00   -4.34873233e-03  0.00000000e+00  
 1          46         3.44249854       1          1          2          -0.00000000e+00  -8.69746466e-03  0.00000000e+00   1.53783341e-03   7.15963126e-03   0.00000000e+00   0.00000000e+00   1.49294576e-18  
 1          46         3.44249854       1          1          3          -0.00000000e+00  4.34873233e-03   0.00000000e+00   0.00000000e+00   0.00000000e+00   0.00000000e+00   -4.34873233e-03  0.00000000e+00  
 1          47         3.61462347       1          1          1          -0.00000000e+00  4.43822222e-03   0.00000000e+00   0.00000000e+00   0.00000000e+00   0.00000000e+00   -4.43822222e-03  0.00000000e+00  
 1          47         3.61462347       1          1          2          -0.00000000e+00  -8.87644444e-03  0.00000000e+00   1.48046052e-03   7.39598392e-03   0.00000000e+00   0.00000000e+00   1.56759305e-18  
 1          47         3.61462347       1          1          3          -0.00000000e+00  4.43822222e-03   0.00000000e+00   0.00000000e+00   0.00000000e+00   0.00000000e+00   -4.43822222e-03  0.00000000e+00  
 1          48         3.79535464       1          1          1          -0.00000000e+00  4.52980923e-03   0.00000000e+00   0.00000000e+00   0.00000000e+00   0.00000000e+00   -4.52980923e-03  0.00000000e+00  
 1          48         3.79535464       1          1          2          -0.00000000e+00  -9.05961846e-03  0.00000000e+00   1.41734627e-03   7.64227219e-03   0.00000000e+00   0.00000000e+00   -1.64597270e-18 
 1          48         3.79535464       1          1          3          -0.00000000e+00  4.52980923e-03   0.00000000e+00   0.00000000e+00   0.00000000e+00   0.00000000e+00   -4.52980923e-03  0.00000000e+00  
 1          49         3.98512237       1          1          1          -0.00000000e+00  4.62350528e-03   0.00000000e+00   0.00000000e+00   0.00000000e+00   0.00000000e+00   -4.62350528e-03  0.00000000e+00  
 1          49         3.98512237       1          1          2          -0.00000000e+00  -9.24701056e-03  0.00000000e+00   1.35030281e-03   7.89670775e-03   0.00000000e+00   0.00000000e+00   0.00000000e+00  
 1          49         3.98512237       1          1          3          -0.00000000e+00  4.62350528e-03   0.00000000e+00   0.00000000e+00   0.00000000e+00   0.00000000e+00   -4.62350528e-03  0.00000000e+00  
 1          50         4.18437849       1          1          1          -0.00000000e+00  4.71932250e-03   0.00000000e+00   0.00000000e+00   0.00000000e+00   0.00000000e+00   -4.71932250e-03  0.00000000e+00  
 1          50         4.18437849       1          1          2          -0.00000000e+00  -9.43864500e-03  0.00000000e+00   1.27976259e-03   8.15888241e-03   0.00000000e+00   0.00000000e+00   0.00000000e+00  
 1          50         4.18437849       1          1          3          -0.00000000e+00  4.71932250e-03   0.00000000e+00   0.00000000e+00   0.00000000e+00   0.00000000e+00   -4.71932250e-03  0.00000000e+00  
 1          51         4.39359742       1          1          1          -0.00000000e+00  4.81728112e-03   0.00000000e+00   0.00000000e+00   0.00000000e+00   0.00000000e+00   -4.81728112e-03  0.00000000e+00  
 1          51         4.39359742       1          1          2          -0.00000000e+00  -9.63456224e-03  0.00000000e+00   1.20478819e-03   8.42977406e-03   0.00000000e+00   0.00000000e+00   -1.90541915e-18 
 1          51         4.39359742       1          1          3          -0.00000000e+00  4.81728112e-03   0.00000000e+00   0.00000000e+00   0.00000000e+00   0.00000000e+00   -4.81728112e-03  0.00000000e+00  
 1          52         4.61327729       1          1          1          -0.00000000e+00  4.91740798e-03   0.00000000e+00   0.00000000e+00   0.00000000e+00   0.00000000e+00   -4.91740798e-03  0.00000000e+00  
 1          52         4.61327729       1          1          2          -0.00000000e+00  -9.83481596e-03  0.00000000e+00   1.12796111e-03   8.70685485e-03   0.00000000e+00   0.00000000e+00   0.00000000e+00  
 1          52         4.61327729       1          1          3          -0.00000000e+00  4.91740798e-03   0.00000000e+00   0.00000000e+00   0.00000000e+00   0.00000000e+00   -4.91740798e-03  0.00000000e+00  
 1          53         4.84394115       1          1          1          -0.00000000e+00  5.01973644e-03   0.00000000e+00   0.00000000e+00   0.00000000e+00   0.00000000e+00   -5.01973644e-03  0.00000000e+00  
 1          53         4.84394115       1          1          2          -0.00000000e+00  -1.00394729e-02  0.00000000e+00   1.04904292e-03   8.99042995e-03   0.00000000e+00   0.00000000e+00   0.00000000e+00  
 1          53         4.84394115       1          1          3          -0.00000000e+00  5.01973644e-03   0.00000000e+00   0.00000000e+00   0.00000000e+00   0.00000000e+00   -5.01973644e-03  0.00000000e+00  
 1          54         5.08613821       1          1          1          -0.00000000e+00  5.12430659e-03   0.00000000e+00   0.00000000e+00   0.00000000e+00   0.00000000e+00   -5.12430659e-03  0.00000000e+00  
 1          54         5.08613821       1          1          2          -0.00000000e+00  -1.02486132e-02  0.00000000e+00   9.68527207e-04   9.28008598e-03   0.00000000e+00   0.00000000e+00   0.00000000e+00  
 1          54         5.08613821       1          1          3          -0.00000000e+00  5.12430659e-03   0.00000000e+00   0.00000000e+00   0.00000000e+00   0.00000000e+00   -5.12430659e-03  0.00000000e+00  
 1          55         5.34044512       1          1          1          -0.00000000e+00  5.23116362e-03   0.00000000e+00   0.00000000e+00   0.00000000e+00   0.00000000e+00   -5.23116362e-03  0.00000000e+00  
 1          55         5.34044512       1          1          2          -0.00000000e+00  -1.04623272e-02  0.00000000e+00   8.87760923e-04   9.57456632e-03   0.00000000e+00   0.00000000e+00   0.00000000e+00  
 1          55         5.34044512       1          1          3          -0.00000000e+00  5.23116362e-03   0.00000000e+00   0.00000000e+00   0.00000000e+00   0.00000000e+00   -5.23116362e-03  0.00000000e+00  
 1          56         5.60746738       1          1          1          -0.00000000e+00  5.34036001e-03   0.00000000e+00   0.00000000e+00   0.00000000e+00   0.00000000e+00   -5.34036001e-03  0.00000000e+00  
 1          56         5.60746738       1          1          2          -0.00000000e+00  -1.06807200e-02  0.00000000e+00   8.07409198e-04   9.87331083e-03   0.00000000e+00   0.00000000e+00   0.00000000e+00  
 1          56         5.60746738       1          1          3          -0.00000000e+00  5.34036001e-03   0.00000000e+00   0.00000000e+00   0.00000000e+00   0.00000000e+00   -5.34036001e-03  0.00000000e+00  
 1          57         5.88784074       1          1          1          -0.00000000e+00  5.45195501e-03   0.00000000e+00   0.00000000e+00   0.00000000e+00   0.00000000e+00   -5.45195501e-03  0.00000000e+00  
 1          57         5.88784074       1          1          2          -0.00000000e+00  -1.09039100e-02  0.00000000e+00   7.28152216e-04   1.01757578e-02   0.00000000e+00   0.00000000e+00   1.27672195e-18  
 1          57         5.88784074       1          1          3          -0.00000000e+00  5.45195501e-03   0.00000000e+00   0.00000000e+00   0.00000000e+00   0.00000000e+00   -5.45195501e-03  0.00000000e+00  
 1          58         6.18223278       1          1          1          -0.00000000e+00  5.56601389e-03   0.00000000e+00   0.00000000e+00   0.00000000e+00   0.00000000e+00   -5.56601389e-03  0.00000000e+00  
 1          58         6.18223278       1          1          2          -0.00000000e+00  -1.11320278e-02  0.00000000e+00   6.51170434e-04   1.04808574e-02   0.00000000e+00   0.00000000e+00   0.00000000e+00  
 1          58         6.18223278       1          1          3          -0.00000000e+00  5.56601389e-03   0.00000000e+00   0.00000000e+00   0.00000000e+00   0.00000000e+00   -5.56601389e-03  0.00000000e+00  
 1          59         6.49134442       1          1          1          -0.00000000e+00  5.68260621e-03   0.00000000e+00   0.00000000e+00   0.00000000e+00   0.00000000e+00   -5.68260621e-03  0.00000000e+00  
 1          59         6.49134442       1          1          2          -0.00000000e+00  -1.13652124e-02  0.00000000e+00   5.76762098e-04   1.07884503e-02   0.00000000e+00   0.00000000e+00   1.40758594e-18  
 1          59         6.49134442       1          1          3          -0.00000000e+00  5.68260621e-03   0.00000000e+00   0.00000000e+00   0.00000000e+00   0.00000000e+00   -5.68260621e-03  0.00000000e+00  
 1          60         6.81591164       1          1          1          -0.00000000e+00  5.80181080e-03   0.00000000e+00   0.00000000e+00   0.00000000e+00   0.00000000e+00   -5.80181080e-03  0.00000000e+00  
 1          60         6.81591164       1          1          2          -0.00000000e+00  -1.16036216e-02  0.00000000e+00   5.05935205e-04   1.10976864e-02   0.00000000e+00   0.00000000e+00   0.00000000e+00  
 1          60         6.81591164       1          1          3          -0.00000000e+00  5.80181080e-03   0.00000000e+00   0.00000000e+00   0.00000000e+00   0.00000000e+00   -5.80181080e-03  0.00000000e+00  
 1          61         7.15670722       1          1          1          -0.00000000e+00  5.92370973e-03   0.00000000e+00   0.00000000e+00   0.00000000e+00   0.00000000e+00   -5.92370973e-03  0.00000000e+00  
 1          61         7.15670722       1          1          2          -0.00000000e+00  -1.18474195e-02  0.00000000e+00   4.39040939e-04   1.14083785e-02   0.00000000e+00   0.00000000e+00   0.00000000e+00  
 1          61         7.15670722       1          1          3          -0.00000000e+00  5.92370973e-03   0.00000000e+00   0.00000000e+00   0.00000000e+00   0.00000000e+00   -5.92370973e-03  0.00000000e+00  
 1          62         7.51454258       1          1          1          -0.00000000e+00  6.04839070e-03   0.00000000e+00   0.00000000e+00   0.00000000e+00   0.00000000e+00   -6.04839070e-03  0.00000000e+00  
 1          62         7.51454258       1          1          2          -0.00000000e+00  -1.20967814e-02  0.00000000e+00   3.76696788e-04   1.17200846e-02   0.00000000e+00   0.00000000e+00   1.62945668e-18  
 1          62         7.51454258       1          1          3          -0.00000000e+00  6.04839070e-03   0.00000000e+00   0.00000000e+00   0.00000000e+00   0.00000000e+00   -6.04839070e-03  0.00000000e+00  
 1          63         7.89026971       1          1          1          -0.00000000e+00  6.17594629e-03   0.00000000e+00   0.00000000e+00   0.00000000e+00   0.00000000e+00   -6.17594629e-03  0.00000000e+00  
 1          63         7.89026971       1          1          2          -0.00000000e+00  -1.23518926e-02  0.00000000e+00   3.19387684e-04   1.20325049e-02   0.00000000e+00   0.00000000e+00   0.00000000e+00  
 1          63         7.89026971       1          1          3          -0.00000000e+00  6.17594629e-03   0.00000000e+00   0.00000000e+00   0.00000000e+00   0.00000000e+00   -6.17594629e-03  0.00000000e+00  
 1          64         8.28478320       1          1          1          -0.00000000e+00  6.30647243e-03   0.00000000e+00   0.00000000e+00   0.00000000e+00   0.00000000e+00   -6.30647243e-03  0.00000000e+00  
 1          64         8.28478320       1          1          2          -0.00000000e+00  -1.26129449e-02  0.00000000e+00   2.67395017e-04   1.23455498e-02   0.00000000e+00   0.00000000e+00   0.00000000e+00  
 1          64         8.28478320       1          1          3          -0.00000000e+00  6.30647243e-03   0.00000000e+00   0.00000000e+00   0.00000000e+00   0.00000000e+00   -6.30647243e-03  0.00000000e+00  
 1          65         8.69902236       1          1          1          -0.00000000e+00  6.44007033e-03   0.00000000e+00   0.00000000e+00   0.00000000e+00   0.00000000e+00   -6.44007033e-03  0.00000000e+00  
 1          65         8.69902236       1          1          2          -0.00000000e+00  -1.28801407e-02  0.00000000e+00   2.20753630e-04   1.26593870e-02   0.00000000e+00   0.00000000e+00   0.00000000e+00  
 1          65         8.69902236       1          1          3          -0.00000000e+00  6.44007033e-03   0.00000000e+00   0.00000000e+00   0.00000000e+00   0.00000000e+00   -6.44007033e-03  0.00000000e+00  
 1          66         9.13397348       1          1          1          -0.00000000e+00  6.57684386e-03   0.00000000e+00   0.00000000e+00   0.00000000e+00   0.00000000e+00   -6.57684386e-03  0.00000000e+00  
 1          66         9.13397348       1          1          2          -0.00000000e+00  -1.31536877e-02  0.00000000e+00   1.79580787e-04   1.29741069e-02   0.00000000e+00   0.00000000e+00   0.00000000e+00  
 1          66         9.13397348       1          1          3          -0.00000000e+00  6.57684386e-03   0.00000000e+00   0.00000000e+00   0.00000000e+00   0.00000000e+00   -6.57684386e-03  0.00000000e+00  
 1          67         9.59067215       1          1          1          -0.00000000e+00  6.71690049e-03   0.00000000e+00   0.00000000e+00   0.00000000e+00   0.00000000e+00   -6.71690049e-03  0.00000000e+00  
 1          67         9.59067215       1          1          2          -0.00000000e+00  -1.34338010e-02  0.00000000e+00   1.43770015e-04   1.32900310e-02   0.00000000e+00   0.00000000e+00   0.00000000e+00  
 1          67         9.59067215       1          1          3          -0.00000000e+00  6.71690049e-03   0.00000000e+00   0.00000000e+00   0.00000000e+00   0.00000000e+00   -6.71690049e-03  0.00000000e+00  
 1          68         10.07020576      1          1          1          -0.00000000e+00  6.86035061e-03   0.00000000e+00   0.00000000e+00   0.00000000e+00   0.00000000e+00   -6.86035061e-03  0.00000000e+00  
 1          68         10.07020576      1          1          2          -0.00000000e+00  -1.37207012e-02  0.00000000e+00   1.13193159e-04   1.36075081e-02   0.00000000e+00   0.00000000e+00   0.00000000e+00  
 1          68         10.07020576      1          1          3          -0.00000000e+00  6.86035061e-03   0.00000000e+00   0.00000000e+00   0.00000000e+00   0.00000000e+00   -6.86035061e-03  0.00000000e+00  
 1          69         10.57371605      1          1          1          -0.00000000e+00  7.00730732e-03   0.00000000e+00   0.00000000e+00   0.00000000e+00   0.00000000e+00   -7.00730732e-03  0.00000000e+00  
 1          69         10.57371605      1          1          2          -0.00000000e+00  -1.40146146e-02  0.00000000e+00   8.74626687e-05   1.39271520e-02   0.00000000e+00   0.00000000e+00   0.00000000e+00  
 1          69         10.57371605      1          1          3          -0.00000000e+00  7.00730732e-03   0.00000000e+00   0.00000000e+00   0.00000000e+00   0.00000000e+00   -7.00730732e-03  0.00000000e+00  
 1          70         11.10240185      1          1          1          -0.00000000e+00  7.15788618e-03   0.00000000e+00   0.00000000e+00   0.00000000e+00   0.00000000e+00   -7.15788618e-03  0.00000000e+00  
 1          70         11.10240185      1          1          2          -0.00000000e+00  -1.43157724e-02  0.00000000e+00   6.62440274e-05   1.42495283e-02   0.00000000e+00   0.00000000e+00   2.40744964e-18  
 1          70         11.10240185      1          1          3          -0.00000000e+00  7.15788618e-03   0.00000000e+00   0.00000000e+00   0.00000000e+00   0.00000000e+00   -7.15788618e-03  0.00000000e+00  
 1          71         11.65752194      1          1          1          -0.00000000e+00  7.31220496e-03   0.00000000e+00   0.00000000e+00   0.00000000e+00   0.00000000e+00   -7.31220496e-03  0.00000000e+00  
 1          71         11.65752194      1          1          2          -0.00000000e+00  -1.46244099e-02  0.00000000e+00   4.91084821e-05   1.45753014e-02   0.00000000e+00   0.00000000e+00   0.00000000e+00  
 1          71         11.65752194      1          1          3          -0.00000000e+00  7.31220496e-03   0.00000000e+00   0.00000000e+00   0.00000000e+00   0.00000000e+00   -7.31220496e-03  0.00000000e+00  
 1          72         12.24039804      1          1          1          -0.00000000e+00  7.47038349e-03   0.00000000e+00   0.00000000e+00   0.00000000e+00   0.00000000e+00   -7.47038349e-03  0.00000000e+00  
 1          72         12.24039804      1          1          2          -0.00000000e+00  -1.49407670e-02  0.00000000e+00   3.55499801e-05   1.49052170e-02   0.00000000e+00   0.00000000e+00   2.65421323e-18  
 1          72         12.24039804      1          1          3          -0.00000000e+00  7.47038349e-03   0.00000000e+00   0.00000000e+00   0.00000000e+00   0.00000000e+00   -7.47038349e-03  0.00000000e+00  
 1          73         12.85241794      1          1          1          -0.00000000e+00  7.63254349e-03   0.00000000e+00   0.00000000e+00   0.00000000e+00   0.00000000e+00   -7.63254349e-03  0.00000000e+00  
 1          73         12.85241794      1          1          2          -0.00000000e+00  -1.52650870e-02  0.00000000e+00   2.50862035e-05   1.52400008e-02   0.00000000e+00   0.00000000e+00   2.78692389e-18  
 1          73         12.85241794      1          1          3          -0.00000000e+00  7.63254349e-03   0.00000000e+00   0.00000000e+00   0.00000000e+00   0.00000000e+00   -7.63254349e-03  0.00000000e+00  
 1          74         13.49503884      1          1          1          -0.00000000e+00  7.79880843e-03   0.00000000e+00   0.00000000e+00   0.00000000e+00   0.00000000e+00   -7.79880843e-03  0.00000000e+00  
 1          74         13.49503884      1          1          2          -0.00000000e+00  -1.55976169e-02  0.00000000e+00   1.72049977e-05   1.55804119e-02   0.00000000e+00   0.00000000e+00   0.00000000e+00  
 1          74         13.49503884      1          1          3          -0.00000000e+00  7.79880843e-03   0.00000000e+00   0.00000000e+00   0.00000000e+00   0.00000000e+00   -7.79880843e-03  0.00000000e+00  
 1          75         14.16979078      1          1          1          -0.00000000e+00  7.96930353e-03   0.00000000e+00   0.00000000e+00   0.00000000e+00   0.00000000e+00   -7.96930353e-03  0.00000000e+00  
 1          75         14.16979078      1          1          2          -0.00000000e+00  -1.59386071e-02  0.00000000e+00   1.14413948e-05   1.59271657e-02   0.00000000e+00   0.00000000e+00   0.00000000e+00  
 1          75         14.16979078      1          1          3          -0.00000000e+00  7.96930353e-03   0.00000000e+00   0.00000000e+00   0.00000000e+00   0.00000000e+00   -7.96930353e-03  0.00000000e+00  
 1          76         14.87828032      1          1          1          -0.00000000e+00  8.14415564e-03   0.00000000e+00   0.00000000e+00   0.00000000e+00   0.00000000e+00   -8.14415564e-03  0.00000000e+00  
 1          76         14.87828032      1          1          2          -0.00000000e+00  -1.62883113e-02  0.00000000e+00   7.35387376e-06   1.62809574e-02   0.00000000e+00   0.00000000e+00   0.00000000e+00  
 1          76         14.87828032      1          1          3          -0.00000000e+00  8.14415564e-03   0.00000000e+00   0.00000000e+00   0.00000000e+00   0.00000000e+00   -8.14415564e-03  0.00000000e+00  
 1          77         15.62219433      1          1          1          -0.00000000e+00  8.32349328e-03   0.00000000e+00   0.00000000e+00   0.00000000e+00   0.00000000e+00   -8.32349328e-03  0.00000000e+00  
 1          77         15.62219433      1          1          2          -0.00000000e+00  -1.66469866e-02  0.00000000e+00   4.54992747e-06   1.66424366e-02   0.00000000e+00   0.00000000e+00   3.38752341e-18  
 1          77         15.62219433      1          1          3          -0.00000000e+00  8.32349328e-03   0.00000000e+00   0.00000000e+00   0.00000000e+00   0.00000000e+00   -8.32349328e-03  0.00000000e+00  
 1          78         16.40330405      1          1          1          -0.00000000e+00  8.50744657e-03   0.00000000e+00   0.00000000e+00   0.00000000e+00   0.00000000e+00   -8.50744657e-03  0.00000000e+00  
 1          78         16.40330405      1          1          2          -0.00000000e+00  -1.70148931e-02  0.00000000e+00   2.69917505e-06   1.70121940e-02   0.00000000e+00   0.00000000e+00   0.00000000e+00  
 1          78         16.40330405      1          1          3          -0.00000000e+00  8.50744657e-03   0.00000000e+00   0.00000000e+00   0.00000000e+00   0.00000000e+00   -8.50744657e-03  0.00000000e+00  
 1          79         17.22346925      1          1          1          -0.00000000e+00  8.69614734e-03   0.00000000e+00   0.00000000e+00   0.00000000e+00   0.00000000e+00   -8.69614734e-03  0.00000000e+00  
 1          79         17.22346925      1          1          2          -0.00000000e+00  -1.73922947e-02  0.00000000e+00   1.52752543e-06   1.73907672e-02   0.00000000e+00   0.00000000e+00   0.00000000e+00  
 1          79         17.22346925      1          1          3          -0.00000000e+00  8.69614734e-03   0.00000000e+00   0.00000000e+00   0.00000000e+00   0.00000000e+00   -8.69614734e-03  0.00000000e+00  
 1          80         18.08464272      1          1          1          -0.00000000e+00  8.88972915e-03   0.00000000e+00   0.00000000e+00   0.00000000e+00   0.00000000e+00   -8.88972915e-03  0.00000000e+00  
 1          80         18.08464272      1          1          2          -0.00000000e+00  -1.77794583e-02  0.00000000e+00   8.19693692e-07   1.77786386e-02   0.00000000e+00   0.00000000e+00   0.00000000e+00  
 1          80         18.08464272      1          1          3          -0.00000000e+00  8.88972915e-03   0.00000000e+00   0.00000000e+00   0.00000000e+00   0.00000000e+00   -8.88972915e-03  0.00000000e+00  
 1          81         18.98887485      1          1          1          -0.00000000e+00  9.08832734e-03   0.00000000e+00   0.00000000e+00   0.00000000e+00   0.00000000e+00   -9.08832734e-03  0.00000000e+00  
 1          81         18.98887485      1          1          2          -0.00000000e+00  -1.81766547e-02  0.00000000e+00   4.14087893e-07   1.81762406e-02   0.00000000e+00   0.00000000e+00   2.05877794e-18  
 1          81         18.98887485      1          1          3          -0.00000000e+00  9.08832734e-03   0.00000000e+00   0.00000000e+00   0.00000000e+00   0.00000000e+00   -9.08832734e-03  0.00000000e+00  
 1          82         19.93831860      1          1          1          -0.00000000e+00  9.29207913e-03   0.00000000e+00   0.00000000e+00   0.00000000e+00   0.00000000e+00   -9.29207913e-03  0.00000000e+00  
 1          82         19.93831860      1          1          2          -0.00000000e+00  -1.85841583e-02  0.00000000e+00   1.95276164e-07   1.85839630e-02   0.00000000e+00   0.00000000e+00   2.16171683e-18  
 1          82         19.93831860      1          1          3          -0.00000000e+00  9.29207913e-03   0.00000000e+00   0.00000000e+00   0.00000000e+00   0.00000000e+00   -9.29207913e-03  0.00000000e+00  
 1          83         20.93523452      1          1          1          -0.00000000e+00  9.50112372e-03   0.00000000e+00   0.00000000e+00   0.00000000e+00   0.00000000e+00   -9.50112372e-03  0.00000000e+00  
 1          83         20.93523452      1          1          2          -0.00000000e+00  -1.90022474e-02  0.00000000e+00   8.50699654e-08   1.90021624e-02   0.00000000e+00   0.00000000e+00   0.00000000e+00  
 1          83         20.93523452      1          1          3          -0.00000000e+00  9.50112372e-03   0.00000000e+00   0.00000000e+00   0.00000000e+00   0.00000000e+00   -9.50112372e-03  0.00000000e+00  
 1          84         21.98199625      1          1          1          -0.00000000e+00  9.71560237e-03   0.00000000e+00   0.00000000e+00   0.00000000e+00   0.00000000e+00   -9.71560237e-03  0.00000000e+00  
 1          84         21.98199625      1          1          2          -0.00000000e+00  -1.94312047e-02  0.00000000e+00   3.37812307e-08   1.94311710e-02   0.00000000e+00   0.00000000e+00   0.00000000e+00  
 1          84         21.98199625      1          1          3          -0.00000000e+00  9.71560237e-03   0.00000000e+00   0.00000000e+00   0.00000000e+00   0.00000000e+00   -9.71560237e-03  0.00000000e+00  
 1          85         23.08109606      1          1          1          -0.00000000e+00  9.93565856e-03   0.00000000e+00   0.00000000e+00   0.00000000e+00   0.00000000e+00   -9.93565856e-03  0.00000000e+00  
 1          85         23.08109606      1          1          2          -0.00000000e+00  -1.98713171e-02  0.00000000e+00   1.20282749e-08   1.98713051e-02   0.00000000e+00   0.00000000e+00   0.00000000e+00  
 1          85         23.08109606      1          1          3          -0.00000000e+00  9.93565856e-03   0.00000000e+00   0.00000000e+00   0.00000000e+00   0.00000000e+00   -9.93565856e-03  0.00000000e+00  
 1          86         24.23515087      1          1          1          -0.00000000e+00  1.01614381e-02   0.00000000e+00   0.00000000e+00   0.00000000e+00   0.00000000e+00   -1.01614381e-02  0.00000000e+00  
 1          86         24.23515087      1          1          2          -0.00000000e+00  -2.03228761e-02  0.00000000e+00   3.75707914e-09   2.03228724e-02   0.00000000e+00   0.00000000e+00   -2.62758032e-18 
 1          86         24.23515087      1          1          3          -0.00000000e+00  1.01614381e-02   0.00000000e+00   0.00000000e+00   0.00000000e+00   0.00000000e+00   -1.01614381e-02  0.00000000e+00  
 1          87         25.44690841      1          1          1          -0.00000000e+00  1.03930891e-02   0.00000000e+00   0.00000000e+00   0.00000000e+00   0.00000000e+00   -1.03930891e-02  0.00000000e+00  
 1          87         25.44690841      1          1          2          -0.00000000e+00  -2.07861783e-02  0.00000000e+00   1.00123241e-09   2.07861773e-02   0.00000000e+00   0.00000000e+00   0.00000000e+00  
 1          87         25.44690841      1          1          3          -0.00000000e+00  1.03930891e-02   0.00000000e+00   0.00000000e+00   0.00000000e+00   0.00000000e+00   -1.03930891e-02  0.00000000e+00  
 1          88         26.71925383      1          1          1          -0.00000000e+00  1.06307625e-02   0.00000000e+00   0.00000000e+00   0.00000000e+00   0.00000000e+00   -1.06307625e-02  0.00000000e+00  
 1          88         26.71925383      1          1          2          -0.00000000e+00  -2.12615250e-02  0.00000000e+00   2.19820674e-10   2.12615248e-02   0.00000000e+00   0.00000000e+00   2.89690731e-18  
 1          88         26.71925383      1          1          3          -0.00000000e+00  1.06307625e-02   0.00000000e+00   0.00000000e+00   0.00000000e+00   0.00000000e+00   -1.06307625e-02  0.00000000e+00  
 1          89         28.05521652      1          1          1          -0.00000000e+00  1.08746117e-02   0.00000000e+00   0.00000000e+00   0.00000000e+00   0.00000000e+00   -1.08746117e-02  0.00000000e+00  
 1          89         28.05521652      1          1          2          -0.00000000e+00  -2.17492233e-02  0.00000000e+00   3.67572472e-11   2.17492233e-02   0.00000000e+00   0.00000000e+00   0.00000000e+00  
 1          89         28.05521652      1          1          3          -0.00000000e+00  1.08746117e-02   0.00000000e+00   0.00000000e+00   0.00000000e+00   0.00000000e+00   -1.08746117e-02  0.00000000e+00  
 1          90         29.45797735      1          1          1          -0.00000000e+00  1.11247930e-02   0.00000000e+00   0.00000000e+00   0.00000000e+00   0.00000000e+00   -1.11247930e-02  0.00000000e+00  
 1          90         29.45797735      1          1          2          -0.00000000e+00  -2.22495860e-02  0.00000000e+00   4.31328497e-12   2.22495860e-02   0.00000000e+00   0.00000000e+00   0.00000000e+00  
 1          90         29.45797735      1          1          3          -0.00000000e+00  1.11247930e-02   0.00000000e+00   0.00000000e+00   0.00000000e+00   0.00000000e+00   -1.11247930e-02  0.00000000e+00  
 1          91         30.93087622      1          1          1          -0.00000000e+00  1.13814658e-02   0.00000000e+00   0.00000000e+00   0.00000000e+00   0.00000000e+00   -1.13814658e-02  0.00000000e+00  
 1          91         30.93087622      1          1          2          -0.00000000e+00  -2.27629317e-02  0.00000000e+00   3.02015879e-13   2.27629317e-02   0.00000000e+00   0.00000000e+00   3.35353232e-18  
 1          91         30.93087622      1          1          3          -0.00000000e+00  1.13814658e-02   0.00000000e+00   0.00000000e+00   0.00000000e+00   0.00000000e+00   -1.13814658e-02  0.00000000e+00  
 1          92         32.47742003      1          1          1          -0.00000000e+00  1.16447926e-02   0.00000000e+00   0.00000000e+00   0.00000000e+00   0.00000000e+00   -1.16447926e-02  0.00000000e+00  
 1          92         32.47742003      1          1          2          -0.00000000e+00  -2.32895852e-02  0.00000000e+00   8.77620017e-15   2.32895852e-02   0.00000000e+00   0.00000000e+00   0.00000000e+00  
 1          92         32.47742003      1          1          3          -0.00000000e+00  1.16447926e-02   0.00000000e+00   0.00000000e+00   0.00000000e+00   0.00000000e+00   -1.16447926e-02  0.00000000e+00  
 1          93         34.10129103      1          1          1          -0.00000000e+00  1.19149390e-02   0.00000000e+00   0.00000000e+00   0.00000000e+00   0.00000000e+00   -1.19149390e-02  0.00000000e+00  
 1          93         34.10129103      1          1          2          -0.00000000e+00  -2.38298779e-02  0.00000000e+00   0.00000000e+00   2.38298779e-02   0.00000000e+00   0.00000000e+00   0.00000000e+00  
 1          93         34.10129103      1          1          3          -0.00000000e+00  1.19149390e-02   0.00000000e+00   0.00000000e+00   0.00000000e+00   0.00000000e+00   -1.19149390e-02  0.00000000e+00  
 1          94         35.80635558      1          1          1          -0.00000000e+00  1.21920741e-02   0.00000000e+00   0.00000000e+00   0.00000000e+00   0.00000000e+00   -1.21920741e-02  0.00000000e+00  
 1          94         35.80635558      1          1          2          -0.00000000e+00  -2.43841481e-02  0.00000000e+00   0.00000000e+00   2.43841481e-02   0.00000000e+00   0.00000000e+00   0.00000000e+00  
 1          94         35.80635558      1          1          3          -0.00000000e+00  1.21920741e-02   0.00000000e+00   0.00000000e+00   0.00000000e+00   0.00000000e+00   -1.21920741e-02  0.00000000e+00  
 1          95         37.59667336      1          1          1          -0.00000000e+00  1.24763706e-02   0.00000000e+00   0.00000000e+00   0.00000000e+00   0.00000000e+00   -1.24763706e-02  0.00000000e+00  
 1          95         37.59667336      1          1          2          -0.00000000e+00  -2.49527412e-02  0.00000000e+00   0.00000000e+00   2.49527412e-02   0.00000000e+00   0.00000000e+00   4.07623949e-18  
 1          95         37.59667336      1          1          3          -0.00000000e+00  1.24763706e-02   0.00000000e+00   0.00000000e+00   0.00000000e+00   0.00000000e+00   -1.24763706e-02  0.00000000e+00  
 1          96         39.47650703      1          1          1          -0.00000000e+00  1.27680048e-02   0.00000000e+00   0.00000000e+00   0.00000000e+00   0.00000000e+00   -1.27680048e-02  0.00000000e+00  
 1          96         39.47650703      1          1          2          -0.00000000e+00  -2.55360097e-02  0.00000000e+00   0.00000000e+00   2.55360097e-02   0.00000000e+00   0.00000000e+00   0.00000000e+00  
 1          96         39.47650703      1          1          3          -0.00000000e+00  1.27680048e-02   0.00000000e+00   0.00000000e+00   0.00000000e+00   0.00000000e+00   -1.27680048e-02  0.00000000e+00  
 1          97         41.45033238      1          1          1          -0.00000000e+00  1.30671570e-02   0.00000000e+00   0.00000000e+00   0.00000000e+00   0.00000000e+00   -1.30671570e-02  0.00000000e+00  
 1          97         41.45033238      1          1          2          -0.00000000e+00  -2.61343140e-02  0.00000000e+00   0.00000000e+00   2.61343140e-02   0.00000000e+00   0.00000000e+00   0.00000000e+00  
 1          97         41.45033238      1          1          3          -0.00000000e+00  1.30671570e-02   0.00000000e+00   0.00000000e+00   0.00000000e+00   0.00000000e+00   -1.30671570e-02  0.00000000e+00  
 1          98         43.52284900      1          1          1          -0.00000000e+00  1.33740113e-02   0.00000000e+00   0.00000000e+00   0.00000000e+00   0.00000000e+00   -1.33740113e-02  0.00000000e+00  
 1          98         43.52284900      1          1          2          -0.00000000e+00  -2.67480226e-02  0.00000000e+00   0.00000000e+00   2.67480226e-02   0.00000000e+00   0.00000000e+00   0.00000000e+00  
 1          98         43.52284900      1          1          3          -0.00000000e+00  1.33740113e-02   0.00000000e+00   0.00000000e+00   0.00000000e+00   0.00000000e+00   -1.33740113e-02  0.00000000e+00  
 1          99         45.69899145      1          1          1          -0.00000000e+00  1.36887559e-02   0.00000000e+00   0.00000000e+00   0.00000000e+00   0.00000000e+00   -1.36887559e-02  0.00000000e+00  
 1          99         45.69899145      1          1          2          -0.00000000e+00  -2.73775119e-02  0.00000000e+00   0.00000000e+00   2.73775119e-02   0.00000000e+00   0.00000000e+00   0.00000000e+00  
 1          99         45.69899145      1          1          3          -0.00000000e+00  1.36887559e-02   0.00000000e+00   0.00000000e+00   0.00000000e+00   0.00000000e+00   -1.36887559e-02  0.00000000e+00  
 1          100        47.98394102      1          1          1          -0.00000000e+00  1.40115835e-02   0.00000000e+00   0.00000000e+00   0.00000000e+00   0.00000000e+00   -1.40115835e-02  0.00000000e+00  
 1          100        47.98394102      1          1          2          -0.00000000e+00  -2.80231671e-02  0.00000000e+00   0.00000000e+00   2.80231671e-02   0.00000000e+00   0.00000000e+00   0.00000000e+00  
 1          100        47.98394102      1          1          3          -0.00000000e+00  1.40115835e-02   0.00000000e+00   0.00000000e+00   0.00000000e+00   0.00000000e+00   -1.40115835e-02  0.00000000e+00  
